3 0.412984 0.875796 0.105682 0.242528 0.213013
0 0.549822 0.830965 0.0329399 0.149927 0.233521
0 0.0356849 0.939735 0.0708207 0.11171 0.271973
1 0.310733 0.698922 0.165797 0.044586 0.300537
0 0.26997 0.680059 0.0376064 0.0411563 0.360107
3 0.18062 0.766536 0.115839 0.11024 0.408203
3 0.426709 0.792749 0.142465 0.409603 0.479248
0 0.376613 0.928466 0.0334889 0.129348 0.497559
0 0.215345 0.671485 0.0859182 0.0690838 0.505859
0 0.0337634 0.794464 0.0658798 0.0514454 0.512207
0 0.585506 0.825086 0.0708207 0.11563 0.516113
0 0.0719187 0.861098 0.141093 0.124939 0.523926
3 0.440434 0.682754 0.0979962 0.192553 0.536621
0 0.348339 0.564184 0.0576448 0.0465458 0.536621
0 0.508235 0.67222 0.0540763 0.0783929 0.54834
0 0.444139 0.582068 0.013176 0.0411563 0.573242
0 0.242108 0.861098 0.161954 0.271926 0.649902
0 0.377848 0.723665 0.0205874 0.0705537 0.676758
0 0.515097 0.941695 0.0288224 0.10583 0.713379
0 0.362064 0.66879 0.0225089 0.0421362 0.724121
0 0.112956 0.919647 0.0606643 0.0793729 0.865723
