0 0.110959 0.712573 0.090411 0.0738748 0.210693
1 0.369315 0.679305 0.0432877 0.0366928 0.240601
0 0.409589 0.627446 0.0235616 0.028865 0.258301
0 0.124932 0.745352 0.140822 0.131605 0.265137
0 0.17411 0.667564 0.030411 0.0278865 0.276367
0 0.150685 0.682241 0.0690411 0.0543053 0.296143
1 0.31 0.614971 0.129589 0.037182 0.30127
0 0.410411 0.670254 0.0120548 0.0410959 0.304688
0 0.240274 0.624511 0.0213699 0.0239726 0.307861
0 0.44411 0.730675 0.0279452 0.175636 0.316162
0 0.178219 0.702299 0.0539726 0.0543053 0.330566
0 0.0316438 0.892123 0.0632877 0.177593 0.334473
0 0.400137 0.580235 0.00684932 0.0293542 0.342773
1 0.288493 0.669521 0.108493 0.0190802 0.343262
0 0.105205 0.772505 0.0876712 0.0792564 0.350098
0 0.438493 0.809932 0.0408219 0.344912 0.354736
0 0.0368493 0.772505 0.0736986 0.0704501 0.372803
0 0.0690411 0.749755 0.134795 0.111057 0.379639
0 0.41589 0.589775 0.0120548 0.0543053 0.430176
0 0.380411 0.58317 0.0106849 0.0205479 0.439941
0 0.596164 0.936155 0.0558904 0.120841 0.454102
0 0.389863 0.551614 0.0213699 0.0308219 0.467529
0 0.350685 0.549658 0.0323288 0.0318004 0.491455
0 0.224384 0.665851 0.0410959 0.0469667 0.521973
0 0.376301 0.634785 0.0189041 0.0366928 0.522461
0 0.388356 0.840753 0.0342466 0.314579 0.598633
0 0.366849 0.67319 0.0383562 0.0469667 0.626953
0 0.483836 0.920744 0.0246575 0.149706 0.706055
0 0.300411 0.830479 0.0917808 0.327299 0.870117
