1 0.218501 0.776825 0.428219 0.0906418 0.230225
0 0.367554 0.573003 0.0142739 0.0298873 0.251465
0 0.0193522 0.921852 0.0387044 0.0926017 0.255371
0 0.424787 0.600686 0.00741147 0.022538 0.261963
0 0.263245 0.626899 0.0406259 0.0357668 0.274658
1 0.159758 0.768006 0.139446 0.0485056 0.303711
0 0.392259 0.578883 0.0230579 0.0308672 0.317871
0 0.351908 0.565654 0.012627 0.0161685 0.358154
0 0.414219 0.665605 0.0192149 0.129838 0.420898
0 0.41216 0.632778 0.0145484 0.0651641 0.468262
0 0.282459 0.728074 0.0466648 0.0646742 0.516113
0 0.379495 0.625674 0.0233324 0.0529152 0.520996
0 0.317733 0.601176 0.0288224 0.0284174 0.53418
0 0.0362339 0.829495 0.0724677 0.0646742 0.541504
0 0.459786 0.788339 0.0510568 0.347869 0.54834
0 0.372083 0.687898 0.0299204 0.077413 0.595703
0 0.409964 0.78246 0.0200384 0.0587947 0.639648
0 0.21754 0.855218 0.0743892 0.140617 0.73291
0 0.434669 0.962273 0.0238814 0.0705537 0.748535
0 0.359868 0.897109 0.0455668 0.199902 0.799805
