0 0.376438 0.574853 0.0290411 0.035225 0.200928
0 0.497534 0.729207 0.0230137 0.0464775 0.210327
1 0.420137 0.767368 0.0550685 0.0220157 0.234009
0 0.405753 0.74046 0.0372603 0.0591977 0.27832
0 0.344384 0.973826 0.0147945 0.045499 0.278809
0 0.469452 0.68591 0.0090411 0.0410959 0.299561
0 0.499589 0.764432 0.0265753 0.101272 0.3125
0 0.438219 0.629892 0.0287671 0.153131 0.356445
0 0.527534 0.953767 0.0287671 0.0807241 0.36084
0 0.394521 0.562133 0.060274 0.0567515 0.403076
1 0.272055 0.946429 0.158904 0.0445205 0.488525
0 0.219315 0.790607 0.12411 0.176125 0.61377
0 0.458356 0.839775 0.0246575 0.180528 0.659668
1 0.387671 0.828033 0.134795 0.0366928 0.706055
0 0.273836 0.653131 0.101644 0.116438 0.70752
0 0.481096 0.65729 0.029589 0.0689824 0.85498
