0 0.060274 0.720157 0.115068 0.0870842 0.202637
0 0.256986 0.665851 0.111233 0.161448 0.20874
0 0.365068 0.579012 0.0205479 0.0670254 0.223267
0 0.369178 0.600783 0.0194521 0.0499022 0.240356
0 0.0864384 0.706458 0.0786301 0.0616438 0.286621
0 0.292192 0.621086 0.0342466 0.06409 0.31543
0 0.0578082 0.795499 0.114521 0.151663 0.394287
0 0.356575 0.637965 0.0189041 0.0264188 0.414551
2 0.377808 0.727495 0.0367123 0.0293542 0.581543
0 0.109589 0.873043 0.181918 0.236301 0.688477
0 0.32589 0.615704 0.0216438 0.0406067 0.866699
