0 0.325144 0.587947 0.0387044 0.0284174 0.207153
1 0.217815 0.797403 0.336261 0.104361 0.218262
0 0.305517 0.691573 0.0142739 0.0387065 0.278809
0 0.462668 0.574718 0.0238814 0.0342969 0.284424
1 0.144524 0.770946 0.262696 0.0632043 0.296387
0 0.0500961 0.855218 0.0996431 0.163155 0.306396
0 0.273264 0.624204 0.0139995 0.0146987 0.344482
1 0.146994 0.818471 0.273676 0.0749633 0.359375
0 0.141779 0.737384 0.0211364 0.0274375 0.379883
0 0.370025 0.588927 0.0373319 0.0264576 0.407471
0 0.335987 0.968398 0.0181169 0.0573248 0.458496
0 0.433708 0.94488 0.0148229 0.0573248 0.468018
0 0.335163 0.647477 0.0554488 0.0641842 0.510742
0 0.400357 0.625184 0.0496843 0.103871 0.587402
0 0.365495 0.845664 0.0551743 0.300833 0.606934
0 0.504529 0.851543 0.101016 0.268496 0.646484
0 0.153582 0.874326 0.0551743 0.0641842 0.730469
0 0.161131 0.951984 0.0494098 0.0881921 0.794922
