0 0.403425 0.93909 0.0161644 0.0944227 0.245728
0 0.429178 0.858366 0.0189041 0.171722 0.25708
0 0.436301 0.728229 0.0205479 0.126712 0.285156
0 0.434247 0.79819 0.0263014 0.277397 0.333008
0 0.197808 0.773728 0.0350685 0.0308219 0.416992
0 0.114247 0.884051 0.196712 0.225049 0.475342
0 0.425068 0.6091 0.0156164 0.0420744 0.508789
0 0.169315 0.834149 0.0882192 0.108611 0.58252
0 0.399315 0.848581 0.0326027 0.0572407 0.605469
0 0.0678082 0.937622 0.0972603 0.115949 0.724121
0 0.365068 0.953033 0.0178082 0.0851272 0.835449
0 0.350137 0.600783 0.0350685 0.0410959 0.860352
