0 0.349041 0.578033 0.0158904 0.0190802 0.281494
0 0.201507 0.605675 0.0150685 0.018591 0.304932
0 0.284521 0.578278 0.00739726 0.035225 0.306396
0 0.246712 0.578523 0.0134247 0.0239726 0.312012
0 0.318767 0.563845 0.0139726 0.0259295 0.3479
0 0.246575 0.619618 0.0136986 0.0200587 0.37793
0 0.190685 0.694227 0.0394521 0.0782779 0.394043
0 0.239178 0.647994 0.0147945 0.0239726 0.402832
0 0.261918 0.552838 0.0153425 0.0303327 0.515137
0 0.183836 0.649706 0.020274 0.0264188 0.52832
0 0.257808 0.662427 0.0389041 0.0645793 0.665039
0 0.113836 0.912671 0.105479 0.171722 0.830078
0 0.0950685 0.710616 0.117808 0.107143 0.839355
