0 0.331188 0.532678 0.00742574 0.0127764 0.209717
1 0.319183 0.676413 0.0423267 0.0132678 0.231323
0 0.275495 0.596806 0.00940594 0.0201474 0.305176
0 0.245297 0.664373 0.0158416 0.0422604 0.343018
0 0.278589 0.607617 0.0136139 0.0398034 0.476074
0 0.331188 0.579853 0.010396 0.0589681 0.487793
0 0.359777 0.756757 0.0200495 0.0638821 0.534668
0 0.359777 0.669779 0.0324257 0.113022 0.570801
0 0.375495 0.800737 0.0509901 0.15086 0.624512
0 0.0809406 0.683047 0.161881 0.169042 0.64502
0 0.405569 0.676167 0.0556931 0.125799 0.652344
0 0.205693 0.571007 0.0673267 0.0628993 0.762207
