0 0.282055 0.681507 0.102192 0.132094 0.202148
1 0.116849 0.771771 0.233699 0.0396282 0.209473
0 0.539041 0.796722 0.0336986 0.0719178 0.219727
1 0.446986 0.952299 0.06 0.0533268 0.224731
0 0.399178 0.719178 0.0246575 0.0958904 0.264893
0 0.397671 0.84589 0.0309589 0.207436 0.29126
0 0.0982192 0.944227 0.0479452 0.0939335 0.29248
0 0.353973 0.609344 0.0153425 0.0190802 0.299316
0 0.429589 0.597358 0.00821918 0.018591 0.321533
0 0.449726 0.608366 0.0106849 0.0484344 0.326416
0 0.428356 0.860568 0.0912329 0.260274 0.358398
0 0.403836 0.674658 0.0317808 0.181996 0.384521
0 0.0571233 0.98092 0.0282192 0.0322896 0.394531
0 0.171644 0.837084 0.0989041 0.149706 0.406982
1 0.465479 0.761252 0.118356 0.0264188 0.444092
0 0.358904 0.603474 0.0252055 0.0278865 0.54834
0 0.243562 0.778376 0.0213699 0.035225 0.579102
0 0.307123 0.643346 0.0542466 0.0587084 0.75293
0 0.146986 0.880382 0.146575 0.233366 0.765137
0 0.439589 0.70817 0.0254795 0.0817025 0.80127
0 0.255342 0.715264 0.0520548 0.0772994 0.801758
0 0.124521 0.69863 0.0578082 0.0391389 0.812988
