1 0.422055 0.811155 0.130137 0.035225 0.232056
1 0.362877 0.928571 0.0572603 0.0234834 0.264404
0 0.110274 0.831703 0.0961644 0.137965 0.388428
1 0.416849 0.764188 0.107671 0.0234834 0.393066
0 0.258356 0.563356 0.0115068 0.0220157 0.429932
0 0.16137 0.659247 0.0783562 0.0670254 0.449707
0 0.0910959 0.704746 0.0610959 0.0484344 0.477539
1 0.34 0.792319 0.287123 0.0807241 0.481689
0 0.294658 0.624511 0.0128767 0.0181018 0.547363
0 0.339452 0.903131 0.0312329 0.184932 0.621094
0 0.229178 0.727495 0.0452055 0.0528376 0.757324
0 0.0806849 0.866438 0.152603 0.213307 0.77002
