0 0.081389 0.83023 0.154543 0.142577 0.202148
0 0.155229 0.752572 0.0288224 0.0235179 0.208496
0 0.386357 0.620284 0.0118035 0.0284174 0.28833
0 0.40118 0.67173 0.0469393 0.122489 0.356445
0 0.113505 0.812592 0.0804282 0.0896619 0.375
0 0.237991 0.942675 0.0181169 0.0293974 0.425537
0 0.193659 0.850074 0.0238814 0.0391965 0.436523
0 0.370574 0.728074 0.0181169 0.0646742 0.45459
0 0.198875 0.974277 0.0200384 0.0455659 0.605469
0 0.289596 0.673689 0.0296459 0.0607545 0.61084
0 0.333516 0.781725 0.0285479 0.0690838 0.780273
