0 0.466786 0.705292 0.0172934 0.0249878 0.215088
0 0.350124 0.653601 0.0172934 0.0293974 0.223389
0 0.147543 0.696717 0.175405 0.138168 0.22876
0 0.0603898 0.800588 0.12078 0.182264 0.229126
0 0.421493 0.595541 0.0129015 0.0602646 0.310303
0 0.281636 0.600686 0.0724677 0.0646742 0.376953
0 0.35081 0.707741 0.0142739 0.044586 0.462402
0 0.424376 0.656296 0.0164699 0.044586 0.501465
0 0.22756 0.644047 0.177326 0.147477 0.504395
0 0.18762 0.670995 0.0958002 0.088682 0.515137
0 0.213011 0.89123 0.102114 0.21754 0.660645
