0 0.476256 0.645762 0.0148229 0.0244978 0.205811
0 0.499588 0.744488 0.0312929 0.124939 0.216797
0 0.512764 0.943165 0.0510568 0.10583 0.220825
0 0.331458 0.701372 0.0123525 0.0161685 0.234497
0 0.437414 0.536257 0.00741147 0.0269476 0.240967
0 0.506588 0.72097 0.0288224 0.0788829 0.256592
0 0.363299 0.568594 0.0129015 0.0191083 0.276611
0 0.356712 0.654581 0.0139995 0.0205781 0.302246
0 0.2056 0.847134 0.0428219 0.0627144 0.341309
0 0.436728 0.567369 0.00658798 0.0205781 0.38916
0 0.237167 0.674914 0.0642328 0.0651641 0.392822
0 0.292067 0.609995 0.0867417 0.0734934 0.436523
1 0.325144 0.713131 0.256108 0.0406663 0.463379
0 0.257617 0.958844 0.0194894 0.0705537 0.465332
0 0.0399396 0.919892 0.0798792 0.146497 0.562012
0 0.0890749 0.768496 0.148504 0.0984811 0.615723
0 0.504941 0.895639 0.0590173 0.195002 0.632812
0 0.185012 0.762371 0.0565468 0.0832925 0.695312
0 0.222481 0.820676 0.0732912 0.11563 0.736328
