0 0.385122 0.623224 0.01098 0.0205781 0.216187
0 0.120231 0.762126 0.0444688 0.0690838 0.24353
0 0.328575 0.658501 0.012078 0.0186183 0.244873
0 0.101153 0.72489 0.0590173 0.0592847 0.254395
0 0.373319 0.60926 0.00878397 0.032827 0.261719
0 0.160856 0.680304 0.0587428 0.0573248 0.289062
0 0.353829 0.639637 0.00823497 0.0191083 0.311279
0 0.15317 0.826066 0.0219599 0.0587947 0.333496
0 0.468433 0.707496 0.0304694 0.0607545 0.365479
3 0.387318 0.686428 0.0318419 0.0852523 0.382324
0 0.326105 0.634738 0.0241559 0.032827 0.38501
0 0.293439 0.574963 0.0225089 0.0308672 0.401123
0 0.427532 0.959579 0.0189404 0.0720235 0.426758
0 0.362613 0.754532 0.0329399 0.0529152 0.455811
0 0.321987 0.790544 0.012078 0.0455659 0.462402
0 0.0635465 0.762126 0.124897 0.121999 0.541992
0 0.284518 0.6122 0.0392534 0.0357668 0.544434
0 0.149602 0.904459 0.0763107 0.124449 0.571289
0 0.376475 0.907398 0.0244304 0.179324 0.723633
0 0.284656 0.772415 0.0554488 0.146497 0.818359
0 0.212325 0.908868 0.0727422 0.174424 0.856445
