0 0.173014 0.840753 0.089589 0.139432 0.265625
0 0.403836 0.566781 0.0142466 0.0768102 0.297119
0 0.450548 0.843444 0.0123288 0.0293542 0.330811
0 0.239726 0.727984 0.0706849 0.0841487 0.333496
0 0.427671 0.869129 0.0131507 0.0572407 0.372559
0 0.402877 0.588063 0.0156164 0.0273973 0.397461
0 0.420548 0.655577 0.00657534 0.0283757 0.401367
0 0.286438 0.659247 0.0386301 0.0464775 0.449951
0 0.404521 0.895793 0.030411 0.110568 0.459717
0 0.200959 0.797456 0.144932 0.221135 0.527832
0 0.410822 0.615215 0.0117808 0.0376712 0.567383
0 0.405479 0.687867 0.0180822 0.0939335 0.581543
0 0.324521 0.608611 0.0271233 0.0391389 0.606934
0 0.369041 0.790851 0.0180822 0.15411 0.676758
0 0.433014 0.766145 0.0243836 0.0802348 0.683594
0 0.443699 0.944227 0.0205479 0.10274 0.685547
