0 0.22726 0.637476 0.030411 0.0293542 0.293213
0 0.0475342 0.773728 0.0928767 0.0777887 0.328613
0 0.363562 0.67001 0.00821918 0.0210372 0.366943
0 0.0976712 0.83684 0.133425 0.145303 0.369141
0 0.137123 0.798924 0.0578082 0.055773 0.407715
0 0.346027 0.579501 0.0279452 0.0425636 0.43457
0 0.194521 0.676614 0.0306849 0.0273973 0.466309
0 0.184932 0.803816 0.0772603 0.0939335 0.496826
0 0.275479 0.662182 0.0638356 0.0993151 0.507324
1 0.0990411 0.90729 0.149315 0.0337573 0.527832
0 0.0756164 0.751957 0.139726 0.111546 0.534668
0 0.35589 0.636497 0.049863 0.0733855 0.566895
0 0.19274 0.759785 0.0621918 0.0704501 0.617188
0 0.0716438 0.862769 0.0819178 0.0983366 0.65625
0 0.0508219 0.956703 0.0479452 0.0768102 0.681152
0 0.240137 0.920744 0.0391781 0.146771 0.77002
0 0.227808 0.684198 0.0276712 0.0503914 0.780762
0 0.306575 0.760029 0.0449315 0.145303 0.830566
