0 0.277519 0.770946 0.0483118 0.104361 0.209106
0 0.407357 0.936551 0.0373319 0.1073 0.281006
3 0.439061 0.735914 0.0743892 0.0832925 0.307617
0 0.349437 0.620039 0.0340379 0.0877021 0.328369
0 0.154268 0.858158 0.12627 0.160216 0.33667
3 0.41367 0.557815 0.0252539 0.0720235 0.366211
0 0.206972 0.680549 0.109251 0.11269 0.37085
0 0.0754872 0.818716 0.150974 0.169525 0.376953
0 0.292753 0.595051 0.0540763 0.0465458 0.392822
0 0.125583 0.762861 0.188581 0.180304 0.4375
0 0.5 0.861832 0.0848202 0.264576 0.479736
0 0.193934 0.952719 0.0419984 0.0837825 0.601562
