0 0.174307 0.899804 0.0208619 0.066144 0.201538
0 0.455943 0.900049 0.0494098 0.150906 0.210693
0 0.465001 0.937531 0.0576448 0.119059 0.224365
0 0.077546 0.705781 0.0985452 0.0730034 0.230835
0 0.273676 0.914013 0.0466648 0.169035 0.233521
0 0.313203 0.767761 0.0214109 0.0352768 0.237915
0 0.20011 0.839049 0.0680758 0.171975 0.239746
0 0.199561 0.665605 0.0812517 0.0984811 0.263428
0 0.0370574 0.765066 0.0735657 0.0759432 0.278564
0 0.278342 0.722685 0.0455668 0.104851 0.284668
0 0.471178 0.844929 0.0222344 0.0514454 0.299316
0 0.478726 0.974032 0.0312929 0.0470358 0.315918
0 0.321987 0.720725 0.0312929 0.122489 0.385498
0 0.46459 0.66977 0.0255284 0.0607545 0.426758
0 0.417101 0.780255 0.0590173 0.0867222 0.522949
0 0.132446 0.961048 0.0376064 0.0690838 0.553223
0 0.261049 0.952964 0.0214109 0.0852523 0.592285
0 0.225775 0.895639 0.0820752 0.203822 0.59668
0 0.564095 0.908868 0.0746637 0.165605 0.65332
