0 0.364658 0.584638 0.0175342 0.0205479 0.23291
0 0.436849 0.743151 0.0408219 0.217221 0.258057
0 0.0516438 0.778131 0.0994521 0.0885519 0.262695
1 0.371644 0.585616 0.0336986 0.0225049 0.289062
0 0.225616 0.627446 0.0452055 0.0523483 0.393066
0 0.154521 0.693982 0.11726 0.101272 0.40625
0 0.105205 0.737035 0.205479 0.177593 0.440186
0 0.38411 0.549902 0.0147945 0.0479452 0.448975
0 0.462055 0.92001 0.030411 0.153131 0.465576
0 0.327123 0.550636 0.0416438 0.0386497 0.50293
0 0.340137 0.705724 0.0934247 0.198141 0.842285
