0 0.405847 0.585742 0.0216854 0.044586 0.20166
0 0.418062 0.704802 0.0225089 0.0965213 0.210449
0 0.34779 0.553405 0.01098 0.0279275 0.264648
0 0.444963 0.705292 0.0296459 0.0681039 0.281982
0 0.475707 0.784419 0.0494098 0.103871 0.412598
0 0.391985 0.66438 0.0148229 0.089172 0.414551
0 0.421768 0.818716 0.0370574 0.347869 0.4646
0 0.454021 0.767761 0.0214109 0.0529152 0.474365
0 0.149327 0.695737 0.108702 0.11661 0.510254
0 0.375652 0.853748 0.0266264 0.284664 0.553223
0 0.164699 0.780255 0.0807027 0.127878 0.603516
0 0.468295 0.750122 0.0664288 0.173444 0.61084
0 0.312517 0.673444 0.0804282 0.150416 0.662109
0 0.238402 0.654336 0.0765852 0.0828025 0.776367
0 0.294949 0.802303 0.134779 0.381676 0.898438
