0 0.408493 0.542074 0.00876712 0.0117417 0.243286
0 0.380548 0.62182 0.00931507 0.0205479 0.311768
0 0.447808 0.619374 0.00575342 0.0166341 0.313477
0 0.406438 0.578033 0.0123288 0.0278865 0.313721
0 0.456027 0.658513 0.0123288 0.0342466 0.43335
0 0.26726 0.634296 0.0643836 0.047456 0.529297
0 0.059726 0.862769 0.119452 0.170744 0.725586
0 0.274932 0.903865 0.069863 0.177593 0.73291
0 0.330137 0.700342 0.069589 0.130626 0.778809
0 0.410411 0.705724 0.0252055 0.15998 0.80127
0 0.266438 0.725294 0.113699 0.150196 0.816406
