0 0.421781 0.958904 0.0221918 0.0704501 0.207886
0 0.412466 0.984834 0.00849315 0.0234834 0.215088
0 0.43 0.740949 0.0238356 0.0963796 0.223511
0 0.435342 0.740949 0.0131507 0.0572407 0.244141
0 0.297808 0.739481 0.0673973 0.0787671 0.305176
0 0.419863 0.781067 0.00794521 0.0337573 0.321533
0 0.426849 0.944961 0.0136986 0.045499 0.366455
0 0.277808 0.756605 0.0273973 0.0435421 0.487793
0 0.402055 0.894814 0.0139726 0.0381605 0.514648
0 0.41726 0.869129 0.00986301 0.0425636 0.586426
0 0.240137 0.955969 0.0293151 0.0528376 0.618164
0 0.31863 0.7182 0.0257534 0.0391389 0.625488
0 0.471644 0.927348 0.0221918 0.135519 0.834961
