0 0.364397 0.639392 0.0661543 0.0832925 0.200562
0 0.423964 0.538952 0.0288224 0.0244978 0.234619
1 0.345594 0.790544 0.0697228 0.0249878 0.252686
0 0.510294 0.526458 0.0252539 0.0230279 0.2771
0 0.508647 0.881676 0.0263519 0.102401 0.307861
0 0.492177 0.775845 0.013176 0.0808427 0.314697
0 0.497118 0.810877 0.0230579 0.158746 0.328369
0 0.189267 0.702842 0.0359594 0.0210681 0.407471
0 0.281636 0.866242 0.0916827 0.250857 0.410645
0 0.350398 0.591377 0.171013 0.11563 0.413574
0 0.309635 0.6122 0.0938787 0.066144 0.475098
0 0.459374 0.614895 0.0205874 0.0538951 0.603516
0 0.402827 0.549486 0.0710953 0.0524253 0.625
