0 0.509041 0.851027 0.0180822 0.066047 0.211792
0 0.358356 0.580724 0.0153425 0.0303327 0.221924
0 0.370685 0.554061 0.0126027 0.0200587 0.242798
0 0.40589 0.611057 0.0112329 0.0205479 0.318848
0 0.468767 0.683708 0.0279452 0.0689824 0.341553
0 0.39726 0.637965 0.0120548 0.0362035 0.436035
0 0.497945 0.919276 0.0435616 0.151663 0.471436
0 0.278356 0.589286 0.0186301 0.0190802 0.476074
0 0.375616 0.659247 0.0142466 0.0376712 0.520996
0 0.488904 0.861301 0.0632877 0.25 0.5625
0 0.251507 0.639188 0.0810959 0.0464775 0.576172
0 0.406986 0.701076 0.0271233 0.0821918 0.749023
