0 0.393083 0.600931 0.0142739 0.0259677 0.209229
0 0.25597 0.938266 0.0557233 0.11171 0.214355
1 0.331595 0.673934 0.315674 0.0367467 0.216675
0 0.369887 0.573738 0.0507823 0.0431161 0.234985
0 0.266401 0.930181 0.0266264 0.0720235 0.287598
0 0.412709 0.563939 0.0430963 0.055855 0.291016
0 0.240324 0.645762 0.0381554 0.0352768 0.310059
1 0.124897 0.83758 0.203678 0.055365 0.45874
1 0.0826242 0.777315 0.165248 0.0514454 0.462402
0 0.391847 0.636208 0.0161954 0.044586 0.51709
1 0.124623 0.804018 0.244853 0.0793729 0.523926
0 0.417925 0.597746 0.0129015 0.0166585 0.54541
0 0.353829 0.640617 0.0351359 0.0681039 0.624512
0 0.207796 0.726115 0.12078 0.11171 0.701172
0 0.3493 0.745713 0.0419984 0.123469 0.733398
0 0.260362 0.88682 0.0667033 0.192063 0.772949
0 0.437551 0.831945 0.0477628 0.325331 0.793457
0 0.145484 0.704067 0.0472138 0.044096 0.848633
