0 0.333242 0.714601 0.013176 0.0396864 0.209961
0 0.484354 0.875796 0.0601153 0.22489 0.220337
0 0.501235 0.928711 0.0219599 0.130818 0.242432
0 0.447296 0.826556 0.0452923 0.121509 0.291504
0 0.445375 0.540911 0.0189404 0.0293974 0.307129
0 0.444139 0.548261 0.00988197 0.0205781 0.318115
0 0.239638 0.673444 0.0461158 0.0475257 0.34668
0 0.30936 0.684958 0.0241559 0.0480157 0.464355
0 0.390887 0.838804 0.0230579 0.322391 0.504883
0 0.256519 0.655316 0.0848202 0.0926017 0.54248
0 0.451414 0.656296 0.0139995 0.0465458 0.584473
0 0.369064 0.629838 0.0425474 0.105341 0.626953
