0 0.416141 0.905928 0.0367829 0.170505 0.201904
3 0.296322 0.575943 0.0332144 0.0984811 0.206299
0 0.231265 0.630818 0.0804282 0.129838 0.221436
0 0.275872 0.66977 0.0192149 0.0372366 0.227783
0 0.381828 0.656296 0.0340379 0.125919 0.26001
0 0.373181 0.943165 0.0134505 0.0382166 0.278076
0 0.253912 0.595541 0.0362339 0.0622244 0.378174
0 0.218776 0.593092 0.0318419 0.0426262 0.468018
0 0.402965 0.809407 0.0642328 0.370407 0.523926
0 0.207659 0.6683 0.0392534 0.0578148 0.575684
0 0.1507 0.867712 0.139995 0.252817 0.602539
0 0.432199 0.692308 0.0518803 0.10583 0.609863
0 0.530469 0.865507 0.128191 0.248408 0.753906
