0 0.0868789 0.89417 0.0266264 0.0264576 0.202148
0 0.419572 0.66683 0.0326654 0.0852523 0.220215
0 0.22056 0.867712 0.133132 0.259677 0.262451
0 0.442767 0.775845 0.0164699 0.0720235 0.30127
0 0.357947 0.591132 0.0181169 0.0298873 0.323975
0 0.0959374 0.974277 0.0260774 0.0455659 0.336914
0 0.400082 0.604606 0.0112545 0.033317 0.365479
0 0.157837 0.708966 0.0889377 0.0705537 0.408691
0 0.257755 0.679814 0.129015 0.137678 0.438477
0 0.470766 0.869182 0.0329399 0.249878 0.473389
0 0.194894 0.755512 0.234971 0.254777 0.474121
0 0.464178 0.714846 0.0345869 0.0872122 0.474121
0 0.322948 0.600686 0.0299204 0.0323371 0.474121
0 0.422591 0.636943 0.0271754 0.0636943 0.483887
0 0.0469393 0.93949 0.0938787 0.11024 0.506348
0 0.196953 0.909603 0.0870162 0.170015 0.56543
0 0.0317046 0.89123 0.0628603 0.0852523 0.595215
0 0.335163 0.680304 0.0872907 0.135718 0.645508
0 0.354516 0.848604 0.122152 0.296913 0.861328
