0 0.206027 0.596869 0.0164384 0.0195695 0.207642
0 0.359589 0.677104 0.0276712 0.0440313 0.22522
0 0.32863 0.591487 0.00739726 0.0176125 0.262695
0 0.340822 0.665607 0.0175342 0.0435421 0.349365
0 0.417945 0.884785 0.0216438 0.221624 0.519043
0 0.390822 0.725783 0.0309589 0.10225 0.53418
0 0.359315 0.722603 0.0216438 0.121331 0.577148
0 0.279452 0.564579 0.0142466 0.0381605 0.615723
0 0.412192 0.716977 0.0309589 0.0973581 0.616211
0 0.272466 0.614237 0.0189041 0.0357143 0.638184
0 0.218904 0.65093 0.0312329 0.0503914 0.783691
0 0.383151 0.822162 0.0172603 0.0924658 0.860352
