3 0.208482 0.727585 0.164425 0.165605 0.212646
0 0.153719 0.929446 0.0801537 0.117589 0.240356
0 0.291106 0.89123 0.0524293 0.0921117 0.28418
0 0.392259 0.679569 0.0483118 0.0842724 0.329102
3 0.266401 0.657031 0.12325 0.11269 0.349365
3 0.0826242 0.855218 0.164699 0.205292 0.400635
0 0.535685 0.690838 0.00905847 0.0313572 0.419434
0 0.206149 0.88388 0.115839 0.205781 0.468262
0 0.471178 0.645272 0.0123525 0.0254777 0.521484
0 0.515921 0.623959 0.0107055 0.0347869 0.632812
3 0.48106 0.797648 0.0634093 0.185203 0.853516
