0 0.428219 0.88388 0.0450178 0.22146 0.220947
1 0.376613 0.739833 0.0614878 0.0352768 0.253418
0 0.0557233 0.794464 0.108702 0.104361 0.26001
3 0.420533 0.651151 0.0329399 0.0744733 0.333008
1 0.266813 0.753062 0.132309 0.0764331 0.351318
0 0.481609 0.917687 0.0288224 0.152866 0.422852
0 0.343947 0.685203 0.0236069 0.0475257 0.425293
0 0.534999 0.939735 0.0494098 0.11465 0.45874
3 0.377848 0.553895 0.0436453 0.0406663 0.496826
0 0.411611 0.575698 0.00741147 0.0186183 0.516113
0 0.477079 0.658256 0.0296459 0.066144 0.52002
0 0.43412 0.948555 0.0337634 0.0940715 0.524414
0 0.059429 0.857423 0.118858 0.195002 0.573242
0 0.20409 0.669035 0.0859182 0.0690838 0.617676
3 0.435904 0.739098 0.107055 0.215091 0.629883
