0 0.462603 0.730431 0.0254795 0.0900196 0.202271
0 0.456849 0.701566 0.0156164 0.0420744 0.230591
0 0.394384 0.516389 0.00958904 0.0220157 0.243896
1 0.412466 0.922211 0.44137 0.0547945 0.285156
0 0.418767 0.514677 0.010137 0.035225 0.285645
0 0.457534 0.672211 0.019726 0.0254403 0.297607
0 0.226712 0.870108 0.0309589 0.0807241 0.321289
1 0.0717808 0.976272 0.137534 0.047456 0.345215
0 0.482329 0.838552 0.0238356 0.164384 0.362549
0 0.472055 0.811399 0.0410959 0.239237 0.366455
0 0.188493 0.867906 0.0887671 0.111546 0.44873
0 0.432466 0.574609 0.0123288 0.0366928 0.463135
0 0.282877 0.707926 0.11589 0.205479 0.494873
1 0.0726027 0.942759 0.145205 0.0645793 0.523438
0 0.457945 0.644814 0.0205479 0.0587084 0.571289
