0 0.255616 0.73092 0.0268493 0.037182 0.262695
1 0.253562 0.970157 0.272603 0.0410959 0.291992
0 0.242603 0.750245 0.0512329 0.0768102 0.294678
0 0.276438 0.681996 0.0493151 0.0704501 0.296387
1 0.471096 0.799413 0.0435616 0.0234834 0.331055
0 0.441233 0.795254 0.0271233 0.169765 0.392822
0 0.393973 0.558953 0.0115068 0.0278865 0.392822
0 0.476575 0.907534 0.0353425 0.170254 0.405273
0 0.393151 0.822162 0.0252055 0.351761 0.552246
1 0.548904 0.966977 0.108767 0.0484344 0.567383
0 0.317671 0.652642 0.0249315 0.0528376 0.584473
0 0.421781 0.590998 0.0254795 0.0704501 0.591797
0 0.439452 0.673679 0.0230137 0.0772994 0.630371
0 0.396712 0.614481 0.0213699 0.0880626 0.700195
0 0.108219 0.707192 0.141918 0.116928 0.723145
0 0.135479 0.938356 0.0643836 0.110568 0.860352
