0 0.201507 0.634051 0.040274 0.0313112 0.214355
0 0.0154795 0.845646 0.030411 0.0748532 0.236938
0 0.134795 0.683464 0.0591781 0.0420744 0.258301
0 0.212329 0.626468 0.0608219 0.045499 0.269531
0 0.345753 0.553816 0.00931507 0.0322896 0.282715
0 0.0157534 0.823875 0.0315068 0.0322896 0.301025
0 0.404795 0.773973 0.0265753 0.187867 0.314697
0 0.396712 0.638209 0.0164384 0.0513699 0.341309
0 0.432329 0.661204 0.0284932 0.0445205 0.38916
0 0.410685 0.822407 0.0180822 0.0880626 0.4375
0 0.0782192 0.737035 0.154247 0.123777 0.51709
0 0.240959 0.671722 0.039726 0.0499022 0.54541
0 0.326301 0.623288 0.0515069 0.0880626 0.563477
0 0.362055 0.822162 0.0232877 0.34002 0.601562
0 0.47726 0.73728 0.0131507 0.053816 0.605469
0 0.265069 0.616683 0.0468493 0.0533268 0.620117
0 0.297123 0.797701 0.11589 0.39775 0.672852
0 0.420137 0.958904 0.0238356 0.0733855 0.750977
0 0.497534 0.84956 0.0821918 0.180528 0.87793
