0 0.314521 0.705969 0.0476712 0.109589 0.212524
0 0.301781 0.790851 0.0353425 0.0719178 0.276367
0 0.373151 0.643836 0.0142466 0.0440313 0.352783
0 0.449726 0.658268 0.0221918 0.047456 0.363525
0 0.325753 0.830479 0.0115068 0.0278865 0.389893
0 0.333562 0.670988 0.0090411 0.0396282 0.407959
0 0.307808 0.754158 0.0473973 0.15411 0.489014
0 0.458356 0.758806 0.0312329 0.134051 0.526855
0 0.404247 0.633317 0.00684932 0.0259295 0.536621
0 0.383699 0.690558 0.0506849 0.0934442 0.621094
0 0.498356 0.917074 0.0312329 0.156067 0.677734
