0 0.422329 0.619863 0.00958904 0.0293542 0.234009
0 0.184795 0.975783 0.0309589 0.0425636 0.301025
0 0.382877 0.719912 0.00849315 0.0210372 0.304688
0 0.336301 0.768836 0.0090411 0.0278865 0.343018
0 0.418904 0.67001 0.0115068 0.0650685 0.395752
0 0.22411 0.72407 0.0323288 0.0587084 0.470459
0 0.172877 0.787916 0.0268493 0.045499 0.571289
0 0.30863 0.843444 0.0232877 0.111546 0.591309
0 0.209452 0.928082 0.080274 0.143836 0.658691
0 0.309726 0.760519 0.0271233 0.0689824 0.663086
0 0.0850685 0.862035 0.170137 0.234834 0.855469
