0 0.21863 0.795744 0.0230137 0.0366928 0.200928
0 0.304932 0.633562 0.020274 0.0479452 0.217651
0 0.278904 0.593689 0.0279452 0.0337573 0.24646
0 0.253836 0.758562 0.0287671 0.0278865 0.295898
0 0.336986 0.934687 0.0219178 0.0327789 0.304932
0 0.22863 0.636986 0.029863 0.0313112 0.365479
0 0.394931 0.624755 0.0106849 0.0362035 0.421875
0 0.373288 0.970646 0.0189041 0.055773 0.460205
0 0.166301 0.978229 0.0224658 0.0366928 0.509277
0 0.223425 0.778376 0.029863 0.0675147 0.622559
0 0.0991781 0.734344 0.183014 0.132094 0.62793
0 0.22726 0.824609 0.0238356 0.0513699 0.678711
3 0.40589 0.79819 0.101096 0.29501 0.78418
