0 0.31726 0.748777 0.0109589 0.0366928 0.209839
1 0.26411 0.626957 0.132055 0.047456 0.213257
1 0.413562 0.757828 0.189315 0.0264188 0.215332
1 0.528904 0.794521 0.0254795 0.0205479 0.254883
0 0.0230137 0.810665 0.0454795 0.117417 0.290527
0 0.687397 0.949364 0.0558904 0.0885519 0.293213
1 0.334521 0.715509 0.0268493 0.0181018 0.301025
0 0.310137 0.678082 0.0246575 0.072407 0.310547
0 0.303288 0.741438 0.0356164 0.0738748 0.366699
0 0.0232877 0.778131 0.0465753 0.0513699 0.378906
0 0.306986 0.658023 0.0227397 0.0410959 0.414307
0 0.33411 0.59907 0.0178082 0.0396282 0.44043
1 0.233288 0.789384 0.111507 0.0396282 0.478271
0 0.516575 0.806996 0.0221918 0.0807241 0.544434
0 0.354384 0.641634 0.0419178 0.0748532 0.608887
0 0.483562 0.676614 0.0690411 0.144814 0.716309
0 0.258219 0.867172 0.0824658 0.151174 0.89209
