0 0.453198 0.932876 0.0214109 0.126409 0.223022
3 0.467609 0.61318 0.0189404 0.0975012 0.234863
0 0.449767 0.884615 0.0271754 0.167075 0.250732
0 0.268872 0.914748 0.0293714 0.135228 0.291504
0 0.246088 0.754777 0.0474883 0.067124 0.306885
0 0.0226462 0.752817 0.0452923 0.0524253 0.324951
0 0.45608 0.719255 0.0222344 0.0989711 0.341309
0 0.535685 0.790789 0.0189404 0.0529152 0.362793
3 0.430414 0.825821 0.0724677 0.325821 0.400146
0 0.179248 0.702842 0.0433708 0.0406663 0.415527
0 0.584271 0.887555 0.0485863 0.11612 0.465332
0 0.365907 0.715091 0.0296459 0.099461 0.526855
0 0.170738 0.846399 0.0812517 0.142577 0.536621
0 0.286165 0.870652 0.0634093 0.208721 0.65625
0 0.581114 0.928466 0.0378809 0.0940715 0.804199
