0 0.386986 0.568982 0.00958904 0.0293542 0.205566
0 0.274658 0.585616 0.0260274 0.0273973 0.209106
0 0.420822 0.813601 0.0586301 0.114481 0.217529
0 0.187808 0.658268 0.050137 0.0415851 0.255615
0 0.174247 0.668542 0.0246575 0.0210372 0.265381
0 0.444521 0.850049 0.0189041 0.066047 0.287354
0 0.415205 0.636008 0.0254795 0.0733855 0.305908
0 0.403699 0.853229 0.0123288 0.0293542 0.35376
0 0.0317808 0.770793 0.0635616 0.0631115 0.380615
0 0.439589 0.771526 0.0106849 0.0381605 0.454834
0 0.423425 0.685665 0.0287671 0.0787671 0.549805
0 0.11137 0.709393 0.0775342 0.0645793 0.554199
0 0.410685 0.792319 0.0361644 0.066047 0.556152
0 0.408904 0.729941 0.0106849 0.0293542 0.577148
0 0.428493 0.930284 0.0180822 0.138454 0.705078
