0 0.298106 0.55316 0.012078 0.0186183 0.204834
0 0.346143 0.551445 0.0159209 0.0279275 0.212402
0 0.144935 0.77756 0.0247049 0.0293974 0.227783
0 0.234971 0.659481 0.0378809 0.0695737 0.22876
0 0.249382 0.638658 0.0150974 0.0298873 0.24646
0 0.280675 0.589907 0.0315674 0.0293974 0.32251
0 0.369613 0.984566 0.0167444 0.0249878 0.369385
0 0.314164 0.572513 0.0101565 0.022048 0.401367
0 0.341202 0.580353 0.011529 0.0289074 0.455811
0 0.495471 0.868447 0.0609388 0.22195 0.564453
0 0.14768 0.707006 0.0543508 0.0705537 0.567383
0 0.178287 0.734199 0.0914082 0.11122 0.583496
0 0.396377 0.833415 0.0384299 0.322391 0.64209
0 0.0500961 0.893435 0.100192 0.205292 0.776367
