0 0.37826 0.614895 0.0461158 0.0450759 0.225342
0 0.26997 0.682754 0.121603 0.0788829 0.238037
0 0.37675 0.638168 0.0595663 0.066144 0.286377
0 0.446198 0.77315 0.0139995 0.0646742 0.292969
0 0.0470766 0.910338 0.0941532 0.167565 0.310547
0 0.429728 0.576678 0.0277244 0.0352768 0.323242
0 0.159484 0.787849 0.305792 0.289074 0.350098
0 0.384436 0.677364 0.0172934 0.032827 0.369873
0 0.428905 0.66291 0.0172934 0.0421362 0.429688
0 0.385671 0.72489 0.0422729 0.0563449 0.60791
0 0.371946 0.832435 0.0230579 0.136208 0.657227
0 0.459374 0.865017 0.0387044 0.265066 0.687988
