0 0.444002 0.861098 0.0452923 0.266046 0.200317
0 0.402827 0.928466 0.0150974 0.120529 0.213745
0 0.430552 0.785399 0.0189404 0.11465 0.221924
0 0.537332 0.937531 0.0370574 0.11612 0.285889
3 0.404337 0.824106 0.136152 0.351788 0.401367
0 0.469531 0.701862 0.0255284 0.0632043 0.456787
0 0.0421356 0.765311 0.0837222 0.0921117 0.530273
0 0.441943 0.94635 0.0247049 0.1073 0.536621
3 0.378671 0.730524 0.0782322 0.200882 0.547363
0 0.273127 0.972562 0.0378809 0.0470358 0.711426
0 0.130387 0.752572 0.113643 0.0940715 0.732422
