0 0.447808 0.936888 0.0090411 0.037182 0.202271
0 0.193973 0.67955 0.0350685 0.0313112 0.225464
0 0.324384 0.577789 0.0273973 0.055773 0.26709
3 0.454521 0.93909 0.0794521 0.120841 0.284668
0 0.404795 0.670254 0.00849315 0.0166341 0.341309
0 0.432192 0.976517 0.0106849 0.0440313 0.357422
0 0.394931 0.91047 0.0326027 0.158513 0.379883
0 0.480548 0.949364 0.0279452 0.0983366 0.400879
0 0.39411 0.828278 0.0167123 0.0704501 0.412598
0 0.0960274 0.723581 0.101644 0.0841487 0.415283
0 0.45274 0.784247 0.0156164 0.0469667 0.447021
0 0.485205 0.746086 0.0410959 0.0772994 0.461426
0 0.560411 0.9068 0.0649315 0.120841 0.728027
