3 0.445205 0.594178 0.0378082 0.066047 0.220215
2 0.273425 0.709393 0.0476712 0.055773 0.231812
2 0.176438 0.755382 0.020274 0.0205479 0.282959
2 0.0580822 0.954501 0.0465753 0.0577299 0.299561
0 0.415342 0.779843 0.0115068 0.0763209 0.307617
2 0.122192 0.801859 0.0241096 0.0234834 0.32251
0 0.319178 0.613503 0.0427397 0.035225 0.352539
2 0.0287671 0.890411 0.0471233 0.0440313 0.39502
2 0.149726 0.773728 0.0189041 0.0220157 0.416504
2 0.216027 0.731164 0.0309589 0.026908 0.588379
0 0.239315 0.810421 0.0989041 0.130626 0.630371
