0 0.57686 0.787604 0.0387044 0.0955414 0.202881
0 0.419709 0.638168 0.0719187 0.0485056 0.20459
1 0.371123 0.677609 0.149876 0.0911318 0.222046
0 0.47008 0.861098 0.0107055 0.0377266 0.278809
0 0.467472 0.691328 0.0296459 0.0754532 0.283203
0 0.448943 0.772905 0.0683503 0.118079 0.2854
0 0.466648 0.592112 0.013176 0.0318471 0.293457
0 0.413533 0.865262 0.122152 0.269476 0.296143
0 0.460609 0.673444 0.0181169 0.044586 0.333008
1 0.392122 0.789319 0.0419984 0.0352768 0.339844
0 0.359594 0.600196 0.0724677 0.0421362 0.341553
0 0.487648 0.631308 0.0107055 0.0504655 0.409668
0 0.0525666 0.907398 0.105133 0.11171 0.417969
0 0.501235 0.952719 0.0252539 0.0867222 0.427002
0 0.198188 0.817246 0.219599 0.216561 0.495361
0 0.390338 0.928466 0.0796047 0.138168 0.600098
0 0.170052 0.916952 0.112819 0.157276 0.657715
