0 0.308674 0.568104 0.0579193 0.0504655 0.207275
0 0.301949 0.864772 0.0543508 0.22734 0.208008
0 0.524979 0.937286 0.0107055 0.0293974 0.223755
0 0.426434 0.601666 0.0107055 0.0421362 0.262451
0 0.397612 0.576433 0.0112545 0.0200882 0.299561
0 0.439198 0.565164 0.00988197 0.0308672 0.307129
0 0.416827 0.82876 0.0348614 0.127878 0.312012
0 0.350535 0.703822 0.0384299 0.144537 0.427002
0 0.420395 0.707251 0.0277244 0.122979 0.453613
1 0.273813 0.963253 0.283558 0.0705537 0.490967
0 0.384024 0.605341 0.0170189 0.0377266 0.579102
0 0.323497 0.798628 0.0990942 0.356688 0.611816
0 0.252402 0.6122 0.163327 0.138658 0.751465
