0 0.393151 0.860568 0.0334247 0.161448 0.219849
0 0.404521 0.901419 0.0139726 0.0601761 0.231323
0 0.469041 0.864971 0.0526027 0.257339 0.253662
0 0.385479 0.822896 0.0235616 0.0939335 0.260986
0 0.234795 0.716243 0.0131507 0.0244618 0.26416
0 0.496301 0.925147 0.0364384 0.142857 0.302002
0 0.0223288 0.777642 0.0446575 0.0777887 0.303955
0 0.227534 0.607387 0.0556164 0.0425636 0.334961
0 0.429863 0.883317 0.0350685 0.221624 0.451172
0 0.365342 0.619863 0.0090411 0.0264188 0.513184
2 0.396712 0.725538 0.0180822 0.0244618 0.559082
0 0.462055 0.978229 0.0139726 0.0396282 0.575195
0 0.366712 0.931751 0.0243836 0.129648 0.75293
