3 0.203129 0.631063 0.0757617 0.0862322 0.20166
0 0.41216 0.882166 0.0145484 0.033807 0.204468
0 0.219325 0.708966 0.0269009 0.0636943 0.220947
0 0.376338 0.977217 0.00988197 0.0396864 0.259521
0 0.409278 0.675404 0.0483118 0.103381 0.307129
0 0.0312929 0.8927 0.0625858 0.179324 0.334717
0 0.4112 0.94978 0.0236069 0.0837825 0.362549
0 0.3972 0.648947 0.0252539 0.0543851 0.374512
0 0.412572 0.860363 0.0186659 0.077413 0.406982
0 0.227011 0.830965 0.0252539 0.0950514 0.480225
3 0.347379 0.646007 0.0535273 0.10926 0.650879
0 0.326517 0.94194 0.0194894 0.11612 0.700195
