0 0.219599 0.666585 0.0752127 0.0710436 0.250732
0 0.413396 0.645517 0.013725 0.0191083 0.256348
0 0.193934 0.698922 0.104584 0.122979 0.28418
0 0.0555861 0.801568 0.106231 0.11563 0.320557
1 0.278891 0.850808 0.15866 0.0308672 0.343994
0 0.233736 0.654091 0.0458413 0.044096 0.349365
0 0.257068 0.726115 0.107329 0.191083 0.356445
0 0.133681 0.922097 0.0949767 0.144047 0.39209
0 0.389377 0.958109 0.0178424 0.0808427 0.552246
0 0.363299 0.617589 0.0337634 0.0926017 0.631348
0 0.344085 0.722685 0.0430963 0.146007 0.631836
0 0.304008 0.60681 0.0288224 0.032827 0.657715
0 0.167582 0.72783 0.0557233 0.067124 0.661621
0 0.255421 0.960314 0.0452923 0.0705537 0.674805
0 0.391024 0.769231 0.0227834 0.0881921 0.73291
