0 0.376338 0.598236 0.0230579 0.0411563 0.241943
0 0.306478 0.66242 0.0205874 0.0264576 0.310791
0 0.115152 0.746448 0.0398024 0.0396864 0.317139
0 0.373456 0.615385 0.0271754 0.0754532 0.375488
0 0.282048 0.707741 0.0249794 0.0416463 0.382812
0 0.239775 0.980157 0.0134505 0.033807 0.395752
0 0.431924 0.67026 0.0260774 0.136208 0.412598
0 0.372907 0.633023 0.0216854 0.044096 0.415283
1 0.521274 0.940225 0.170189 0.0676139 0.425781
0 0.343124 0.60779 0.0219599 0.0347869 0.442383
0 0.438649 0.937531 0.0197639 0.11612 0.51416
0 0.404886 0.838315 0.0164699 0.0685938 0.575195
1 0.152621 0.791524 0.0889377 0.0514454 0.606445
0 0.296047 0.914748 0.0293714 0.162665 0.634766
1 0.147406 0.926997 0.262421 0.0617344 0.65332
1 0.270931 0.695737 0.255833 0.0911318 0.663574
0 0.423827 0.767271 0.0477628 0.089172 0.668457
0 0.489706 0.889025 0.0691738 0.205292 0.67627
0 0.404474 0.61563 0.0156464 0.0759432 0.695801
0 0.0634093 0.839049 0.109251 0.140617 0.755859
0 0.35232 0.780255 0.0694483 0.196472 0.84668
