0 0.319863 0.928816 0.133973 0.130626 0.225708
0 0.416164 0.59589 0.00876712 0.0303327 0.234131
0 0.400959 0.679795 0.0249315 0.0768102 0.259521
0 0.406575 0.625 0.0115068 0.0337573 0.260986
0 0.396164 0.723337 0.0169863 0.0249511 0.278076
0 0.493014 0.866438 0.0189041 0.0998043 0.294434
2 0.427945 0.802593 0.019726 0.0220157 0.315186
1 0.464247 0.813356 0.069863 0.0220157 0.328369
0 0.390274 0.592221 0.0128767 0.0327789 0.35083
0 0.31411 0.97138 0.0161644 0.0503914 0.474121
1 0.317123 0.926614 0.14274 0.120352 0.47998
1 0.543973 0.947896 0.138356 0.0689824 0.485596
1 0.456164 0.732632 0.0876712 0.0327789 0.549316
0 0.391507 0.779843 0.0219178 0.0851272 0.635742
0 0.213973 0.720646 0.100822 0.130137 0.846191
