0 0.382603 0.754892 0.0112329 0.0293542 0.207275
0 0.323973 0.577055 0.00684932 0.0151663 0.21521
2 0.516438 0.642368 0.0213699 0.018591 0.223145
0 0.0910959 0.71771 0.0309589 0.0293542 0.246948
0 0.142055 0.945695 0.0386301 0.0958904 0.249756
0 0.389452 0.59956 0.0090411 0.0200587 0.295898
1 0.339315 0.649217 0.0736986 0.0293542 0.31543
0 0.260137 0.653865 0.0243836 0.0435421 0.379883
0 0.317808 0.748777 0.0131507 0.0249511 0.391846
0 0.108356 0.702544 0.0660274 0.0616438 0.397949
0 0.419315 0.666585 0.0139726 0.0523483 0.50293
2 0.155205 0.892123 0.0189041 0.0220157 0.563477
0 0.423973 0.813356 0.0424658 0.0836595 0.595215
0 0.403151 0.93909 0.0194521 0.117906 0.780762
