0 0.281918 0.605431 0.0778082 0.0552838 0.302979
0 0.0882192 0.760763 0.137534 0.1409 0.30542
0 0.253425 0.623777 0.0235616 0.0293542 0.323975
0 0.329315 0.596135 0.0109589 0.0181018 0.328369
0 0.0635616 0.795988 0.126027 0.141879 0.408691
0 0.293562 0.657045 0.0232877 0.0313112 0.447998
0 0.462466 0.68591 0.0476712 0.141879 0.477295
0 0.135753 0.71184 0.0380822 0.0410959 0.524902
0 0.406438 0.681751 0.0128767 0.0396282 0.620117
0 0.400685 0.597847 0.0112329 0.0293542 0.666504
0 0.440685 0.789139 0.0156164 0.0645793 0.69043
0 0.44411 0.90093 0.0378082 0.183464 0.712402
0 0.420137 0.649951 0.0156164 0.045499 0.762695
0 0.423562 0.732877 0.0164384 0.0821918 0.791504
0 0.341918 0.950098 0.0306849 0.092955 0.814941
