0 0.474472 0.602646 0.00741147 0.0293974 0.211548
0 0.458825 0.632778 0.0222344 0.0808427 0.244263
0 0.363025 0.664625 0.0129015 0.033807 0.249878
0 0.458002 0.67026 0.0238814 0.0391965 0.266602
0 0.314164 0.709946 0.0749382 0.146987 0.299072
0 0.241834 0.661685 0.124074 0.121019 0.374023
0 0.07535 0.817736 0.149602 0.165605 0.376953
0 0.218913 0.883146 0.108427 0.22293 0.382812
0 0.57233 0.875796 0.0889377 0.234689 0.405273
0 0.259951 0.922097 0.0439198 0.135228 0.411621
0 0.425199 0.776335 0.0219599 0.152376 0.459961
0 0.421905 0.612445 0.0164699 0.0607545 0.597656
0 0.494236 0.849339 0.0699973 0.289564 0.753418
