0 0.0551743 0.891965 0.110349 0.195492 0.203491
0 0.0970354 0.847134 0.190777 0.261636 0.267334
0 0.321027 0.639882 0.0403514 0.0401764 0.344971
0 0.243618 0.707006 0.0694483 0.0499755 0.352295
0 0.489295 0.655561 0.0255284 0.121509 0.366943
0 0.518529 0.542136 0.0164699 0.0406663 0.381592
0 0.430414 0.908868 0.0356849 0.170505 0.401611
1 0.172111 0.842724 0.118035 0.0411563 0.407715
0 0.159484 0.772905 0.102114 0.0896619 0.416992
0 0.248696 0.917687 0.0790557 0.155806 0.51709
0 0.48106 0.584517 0.0123525 0.0284174 0.540039
