0 0.232363 0.61122 0.0211364 0.0347869 0.285156
0 0.0344496 0.94488 0.0639583 0.0984811 0.29126
0 0.330497 0.692553 0.0345869 0.0916218 0.300293
0 0.297694 0.953454 0.0343124 0.0881921 0.383789
0 0.358359 0.634738 0.0244304 0.0240078 0.394043
0 0.0488608 0.771436 0.0971727 0.11318 0.395264
0 0.157013 0.895639 0.111447 0.202842 0.413086
0 0.34683 0.582558 0.0112545 0.0235179 0.419189
0 0.306204 0.915483 0.0480373 0.158256 0.461426
0 0.324458 0.760412 0.0318419 0.0881921 0.518555
1 0.127093 0.725135 0.116937 0.0382166 0.555664
0 0.477903 0.740813 0.0378809 0.0529152 0.616211
0 0.12476 0.805243 0.0941532 0.0955414 0.697266
