0 0.44411 0.823875 0.0180822 0.0616438 0.214966
0 0.192329 0.679795 0.104658 0.0807241 0.279541
0 0.0932877 0.928816 0.0380822 0.0562622 0.360107
0 0.0165753 0.811888 0.0331507 0.0601761 0.46582
0 0.396986 0.589286 0.0109589 0.0376712 0.47583
0 0.430548 0.689335 0.0156164 0.0283757 0.496826
0 0.561781 0.859589 0.0665753 0.126223 0.500977
0 0.42589 0.618395 0.00739726 0.0176125 0.529785
0 0.161507 0.699119 0.163562 0.11546 0.571289
0 0.392877 0.669765 0.0153425 0.0528376 0.74707
0 0.298904 0.606654 0.04 0.0410959 0.763672
