1 0.175542 0.797158 0.281911 0.130328 0.25415
0 0.36028 0.713866 0.0139995 0.0519353 0.254395
0 0.388553 0.587702 0.0222344 0.0690838 0.26709
1 0.258166 0.825821 0.488334 0.0847624 0.347412
0 0.366731 0.675649 0.0323909 0.136208 0.397461
0 0.212325 0.889025 0.0897612 0.216071 0.54834
3 0.412709 0.775355 0.0546253 0.104361 0.55957
0 0.37373 0.925772 0.0524293 0.130818 0.637207
0 0.292616 0.678344 0.0439198 0.088682 0.659668
0 0.18515 0.77462 0.157837 0.231259 0.689453
0 0.0433708 0.907398 0.0867417 0.174424 0.79834
