0 0.243425 0.748532 0.0473973 0.0714286 0.115173
0 0.112329 0.986546 0.0213699 0.0259295 0.118958
1 0.471233 0.797945 0.0460274 0.0244618 0.124084
0 0.212192 0.619618 0.0534247 0.0445205 0.157104
1 0.346164 0.678816 0.0873973 0.0200587 0.166504
0 0.397671 0.501712 0.00739726 0.0171233 0.171875
0 0.315342 0.606409 0.0356164 0.0552838 0.172485
3 0.45726 0.78816 0.0608219 0.144814 0.185547
0 0.487123 0.952544 0.0213699 0.0802348 0.20752
0 0.465616 0.853963 0.0194521 0.0680039 0.218628
0 0.327397 0.587329 0.019726 0.0376712 0.232178
0 0.409178 0.525196 0.00630137 0.0181018 0.247192
1 0.541918 0.9682 0.11726 0.0440313 0.297363
0 0.290959 0.656311 0.0263014 0.0680039 0.303955
0 0.261233 0.701076 0.0194521 0.0254403 0.318848
0 0.276575 0.67955 0.0457534 0.0645793 0.343262
0 0.393836 0.561888 0.0123288 0.026908 0.38208
1 0.25411 0.972603 0.291781 0.0450098 0.399902
0 0.442877 0.792564 0.0293151 0.152642 0.45874
0 0.474247 0.909247 0.0312329 0.168787 0.460205
0 0.256575 0.731164 0.0227397 0.0337573 0.6875
0 0.135753 0.942025 0.0649315 0.113014 0.744141
0 0.396712 0.613992 0.0224658 0.0880626 0.775879
0 0.394247 0.824364 0.0230137 0.341487 0.776855
0 0.437671 0.670988 0.0282192 0.0817025 0.786621
0 0.317123 0.652153 0.0221918 0.0469667 0.791504
0 0.101233 0.710127 0.125205 0.106164 0.837891
0 0.420274 0.59002 0.0268493 0.072407 0.855957
