0 0.130799 0.746203 0.113917 0.089172 0.100281
0 0.292479 0.60632 0.0430963 0.0534052 0.11438
3 0.269833 0.626409 0.0609388 0.0602646 0.122864
0 0.499725 0.77462 0.0123525 0.0264576 0.135864
0 0.0914082 0.779275 0.0450178 0.0347869 0.140991
0 0.415043 0.962763 0.0197639 0.0734934 0.141724
0 0.0507823 0.839539 0.0735657 0.0798628 0.153564
0 0.274087 0.621999 0.0678013 0.0700637 0.200439
0 0.0850947 0.832435 0.0708207 0.077413 0.244385
0 0.399396 0.647967 0.00988197 0.0436061 0.299072
0 0.333791 0.588192 0.00823497 0.0200882 0.329102
0 0.261323 0.633268 0.0439198 0.0455659 0.337646
0 0.112545 0.805732 0.12627 0.128858 0.399414
0 0.108839 0.764576 0.0776832 0.0622244 0.682129
