2 0.248284 0.631063 0.00960747 0.0146987 0.109314
0 0.198463 0.785889 0.0658798 0.0783929 0.124146
0 0.104721 0.897354 0.0381554 0.0416463 0.144897
0 0.356025 0.796178 0.012627 0.0480157 0.160767
0 0.341751 0.638902 0.013725 0.0303773 0.17334
3 0.318419 0.564429 0.0581938 0.0460559 0.177002
3 0.404063 0.561 0.0219599 0.0715336 0.220947
0 0.126132 0.880696 0.0760362 0.0612445 0.253906
0 0.297008 0.600196 0.0400769 0.0391965 0.273193
0 0.166484 0.727585 0.0348614 0.0646742 0.44165
0 0.195992 0.665115 0.0872907 0.077903 0.469482
0 0.407906 0.578883 0.0312929 0.10828 0.527832
0 0.334477 0.66487 0.0266264 0.0783929 0.591797
0 0.412023 0.61514 0.0258029 0.0406663 0.594727
3 0.075899 0.806712 0.151798 0.206271 0.802734
