0 0.424931 0.712818 0.0131507 0.0430528 0.110901
0 0.432877 0.729941 0.019726 0.0792564 0.130005
0 0.466849 0.9682 0.0126027 0.0577299 0.138794
0 0.420548 0.955969 0.00931507 0.0205479 0.184082
1 0.322329 0.691047 0.291781 0.0415851 0.287354
0 0.407534 0.879648 0.0254795 0.0587084 0.307129
0 0.435753 0.748532 0.0112329 0.0391389 0.352051
0 0.41137 0.9841 0.0106849 0.0278865 0.405518
0 0.401096 0.897505 0.0131507 0.0278865 0.474609
0 0.416712 0.869374 0.00931507 0.0381605 0.484375
0 0.427808 0.942759 0.0123288 0.0469667 0.552734
0 0.420411 0.780333 0.0090411 0.0362035 0.586914
2 0.39274 0.629403 0.0473973 0.0181018 0.636719
0 0.31863 0.717955 0.0273973 0.0376712 0.728027
0 0.276164 0.757094 0.0235616 0.0376712 0.730957
0 0.240137 0.956213 0.029863 0.0523483 0.759277
0 0.47274 0.929795 0.0238356 0.132583 0.859375
