2 0.152192 0.728474 0.069863 0.0489237 0.105896
2 0.265069 0.716243 0.030411 0.0322896 0.113586
0 0.171644 0.71184 0.039726 0.0283757 0.114319
2 0.247123 0.799902 0.0805479 0.108611 0.116821
0 0.318904 0.612524 0.0361644 0.0293542 0.125
0 0.354247 0.710127 0.0131507 0.0337573 0.125854
2 0.256438 0.728474 0.0136986 0.0146771 0.132446
0 0.475616 0.687133 0.00821918 0.0190802 0.139526
0 0.458219 0.862524 0.0150685 0.0802348 0.166138
2 0.0115068 0.866194 0.0224658 0.0357143 0.175781
0 0.456164 0.623288 0.00493151 0.0215264 0.194336
0 0.450959 0.735568 0.00767123 0.026908 0.200439
1 0.500822 0.676859 0.0608219 0.0210372 0.206055
0 0.435068 0.589775 0.0158904 0.0337573 0.229248
2 0.189863 0.742417 0.0410959 0.0337573 0.22937
2 0.136164 0.787182 0.0443836 0.0420744 0.236328
0 0.50411 0.79183 0.0465753 0.20499 0.323975
0 0.250548 0.797701 0.0747945 0.111057 0.328613
0 0.49411 0.749266 0.0265753 0.115949 0.3396
3 0.456164 0.596135 0.0131507 0.0357143 0.388916
2 0.149315 0.773728 0.0186301 0.0190802 0.397949
2 0.205342 0.858855 0.0315068 0.0347358 0.429932
0 0.415342 0.781067 0.00986301 0.0768102 0.457031
0 0.149726 0.727984 0.069863 0.0479452 0.487305
2 0.177808 0.751957 0.0191781 0.018591 0.494141
2 0.420274 0.686644 0.0219178 0.0210372 0.524414
2 0.0287671 0.888699 0.0465753 0.0386497 0.54541
2 0.272192 0.709638 0.0473973 0.0503914 0.545898
2 0.059726 0.955235 0.049863 0.0503914 0.776367
2 0.218219 0.731164 0.0342466 0.0278865 0.805664
