3 0.346849 0.565313 0.0131507 0.0259295 0.119385
0 0.164658 0.615949 0.103014 0.0900196 0.12439
0 0.48 0.670499 0.0646575 0.0836595 0.132202
1 0.237397 0.626468 0.114795 0.0181018 0.137817
0 0.22726 0.558708 0.0205479 0.0254403 0.149048
0 0.187534 0.597113 0.069863 0.0611546 0.181152
0 0.378219 0.684687 0.0216438 0.132583 0.24939
3 0.456027 0.652642 0.0791781 0.0772994 0.275146
0 0.371644 0.639922 0.0205479 0.0998043 0.554688
0 0.383562 0.728474 0.0109589 0.0469667 0.558105
0 0.212192 0.813601 0.157534 0.362035 0.877441
