0 0.190502 0.909358 0.0400769 0.0705537 0.111938
0 0.412709 0.853748 0.0238814 0.088682 0.113159
0 0.378534 0.625919 0.0307439 0.11612 0.118713
0 0.0396651 0.810632 0.0793302 0.1122 0.125
0 0.400357 0.682509 0.0469393 0.170505 0.194824
0 0.281911 0.66389 0.013725 0.0284174 0.30542
0 0.949218 0.489711 0.0461158 0.0818226 0.319824
0 0.372495 0.648212 0.0225089 0.0656541 0.363281
0 0.451688 0.913278 0.0518803 0.165605 0.479004
0 0.4112 0.708231 0.0269009 0.119059 0.608398
0 0.378534 0.868937 0.0356849 0.259187 0.713867
0 0.15317 0.816022 0.0384299 0.0592847 0.725098
