0 0.173209 0.877511 0.143837 0.242038 0.105896
0 0.351084 0.587457 0.0312929 0.0627144 0.121277
0 0.205188 0.807692 0.208894 0.367957 0.122803
0 0.169366 0.809162 0.0521548 0.0426262 0.158081
0 0.322536 0.630328 0.0916827 0.132778 0.158203
0 0.0269009 0.771191 0.0538018 0.0548751 0.164917
0 0.271754 0.647232 0.0746637 0.0734934 0.361084
0 0.491628 0.72391 0.0389789 0.0926017 0.554688
0 0.230305 0.699167 0.159209 0.177364 0.624512
0 0.508509 0.759187 0.0699973 0.162175 0.695801
0 0.411062 0.751102 0.0244304 0.135228 0.792969
0 0.293439 0.900049 0.0494098 0.198922 0.90332
