3 0.367417 0.646987 0.0244304 0.066144 0.109619
0 0.0214109 0.776335 0.0428219 0.0416463 0.123291
0 0.255559 0.768006 0.0164699 0.0475257 0.140381
0 0.368927 0.644782 0.0214109 0.0568349 0.185669
0 0.317046 0.627634 0.00878397 0.0127389 0.189331
0 0.0286851 0.824596 0.0573703 0.0950514 0.195557
0 0.373319 0.914013 0.00713697 0.0298873 0.219971
0 0.354516 0.72734 0.0238814 0.0592847 0.221191
1 0.257755 0.679079 0.193247 0.022538 0.221802
0 0.0277244 0.898334 0.0554488 0.203332 0.23999
0 0.414768 0.864527 0.0175679 0.0759432 0.242188
0 0.651386 0.981872 0.0389789 0.0362567 0.243896
0 0.375515 0.978687 0.012078 0.0426262 0.249268
0 0.115976 0.72048 0.0974472 0.0896619 0.286377
0 0.41669 0.956639 0.0175679 0.0730034 0.287842
0 0.229756 0.827046 0.0252539 0.102891 0.297363
0 0.374691 0.950514 0.0142739 0.0989711 0.325928
0 0.215345 0.72587 0.0288224 0.0749633 0.508789
0 0.410925 0.934591 0.0312929 0.121019 0.542969
3 0.197228 0.635228 0.0721933 0.0828025 0.573242
3 0.351359 0.656051 0.0521548 0.104851 0.651367
0 0.325419 0.9488 0.0194894 0.102401 0.658203
0 0.40969 0.672954 0.0491353 0.103381 0.666016
