0 0.11 0.850783 0.0753425 0.0939335 0.115662
0 0.404795 0.797945 0.0128767 0.0322896 0.120361
0 0.432192 0.937622 0.0479452 0.110078 0.125122
0 0.0975342 0.869863 0.0427397 0.0489237 0.133545
0 0.459315 0.848337 0.0106849 0.0547945 0.160645
0 0.460274 0.982143 0.00931507 0.0318004 0.161255
0 0.232329 0.875978 0.0356164 0.0777887 0.190552
0 0.218082 0.90998 0.0734247 0.169276 0.24646
0 0.204384 0.93591 0.0509589 0.11546 0.372803
0 0.434521 0.892613 0.0663014 0.198141 0.436035
1 0.0950685 0.916096 0.0334247 0.0366928 0.50293
