0 0.369613 0.7244 0.0606643 0.0808427 0.109375
0 0.281773 0.619059 0.0326654 0.0181284 0.111511
0 0.337634 0.626899 0.0203129 0.0259677 0.118835
0 0.304968 0.837335 0.0323909 0.099951 0.136108
0 0.472276 0.766781 0.0238814 0.0568349 0.150391
0 0.442904 0.828025 0.0271754 0.118569 0.151855
0 0.328164 0.60632 0.0419984 0.0289074 0.160278
0 0.189679 0.875306 0.0159209 0.033807 0.177124
0 0.305929 0.72783 0.0963492 0.163155 0.182739
0 0.461845 0.56051 0.0112545 0.0137188 0.197876
0 0.342026 0.676139 0.0510568 0.0940715 0.198608
0 0.473236 0.538952 0.0263519 0.0244978 0.200806
0 0.394455 0.699167 0.013725 0.0372366 0.209961
0 0.245128 0.924302 0.0768597 0.148457 0.217163
3 0.165111 0.775845 0.113368 0.11024 0.238647
0 0.496294 0.551445 0.013176 0.0210681 0.238647
0 0.32583 0.629838 0.0400769 0.0357668 0.278564
0 0.0498216 0.902499 0.0996431 0.183244 0.281982
0 0.307576 0.653111 0.0139995 0.0166585 0.371338
0 0.315399 0.61024 0.0208619 0.0181284 0.385498
1 0.17266 0.844929 0.0905847 0.0347869 0.394775
0 0.381142 0.704312 0.0376064 0.0426262 0.412109
0 0.485589 0.681284 0.0219599 0.0700637 0.435791
0 0.515097 0.55365 0.0293714 0.0734934 0.44043
0 0.44263 0.871877 0.0617623 0.256247 0.490723
0 0.427669 0.948065 0.0312929 0.0940715 0.560059
0 0.16319 0.77854 0.104035 0.101911 0.561035
0 0.494922 0.622489 0.0148229 0.0455659 0.592773
0 0.480785 0.585007 0.0118035 0.0284174 0.693848
