0 0.502608 0.983586 0.0417239 0.032827 0.100952
0 0.483667 0.629348 0.012078 0.0534052 0.102295
0 0.402553 0.781725 0.0156464 0.067124 0.103271
0 0.326379 0.583782 0.0323909 0.0298873 0.107605
0 0.145759 0.754287 0.0905847 0.067124 0.108948
0 0.436042 0.534052 0.0227834 0.0362567 0.114929
0 0.521411 0.693288 0.0244304 0.0480157 0.12207
0 0.189679 0.937531 0.0636838 0.11122 0.138428
0 0.244716 0.728809 0.0299204 0.0396864 0.138916
0 0.208619 0.868692 0.0186659 0.0303773 0.141113
0 0.46459 0.853748 0.00960747 0.0524253 0.14209
0 0.178013 0.77707 0.0798792 0.0960314 0.151611
0 0.0358221 0.94243 0.0716442 0.11514 0.152344
3 0.409827 0.901274 0.0966237 0.197452 0.156616
0 0.0347241 0.889515 0.0694483 0.0563449 0.176636
1 0.146033 0.736649 0.101565 0.0426262 0.177124
0 0.559566 0.905438 0.0419984 0.189123 0.179565
0 0.0926434 0.745223 0.0452923 0.0391965 0.190918
1 0.193796 0.706026 0.0609388 0.0303773 0.205566
0 0.248971 0.648212 0.0252539 0.0264576 0.214355
0 0.486275 0.964478 0.0167444 0.0710436 0.235107
0 0.119682 0.747918 0.0527038 0.0485056 0.247192
0 0.488059 0.982607 0.0148229 0.0347869 0.253906
0 0.272166 0.800343 0.11227 0.190593 0.286377
0 0.333242 0.578883 0.0230579 0.022048 0.290039
0 0.427395 0.545321 0.00878397 0.0166585 0.310059
1 0.316772 0.702352 0.207521 0.0436061 0.317139
0 0.237853 0.865997 0.157288 0.258207 0.366455
1 0.247324 0.709211 0.320615 0.0485056 0.375732
0 0.342987 0.567124 0.0562723 0.0465458 0.416748
0 0.461707 0.547036 0.00878397 0.022048 0.417969
0 0.547351 0.820431 0.0285479 0.136698 0.449951
0 0.388416 0.795443 0.0411749 0.0935816 0.469482
0 0.212462 0.676629 0.0872907 0.077413 0.486084
0 0.195169 0.690103 0.0543508 0.0534052 0.558105
0 0.378122 0.931161 0.0315674 0.137678 0.588867
0 0.444139 0.580598 0.0164699 0.044096 0.603516
0 0.0332144 0.796423 0.0636838 0.0514454 0.605469
0 0.37826 0.727095 0.0219599 0.077413 0.608887
0 0.411886 0.901519 0.0952512 0.196962 0.610352
0 0.517568 0.943165 0.0271754 0.11367 0.617676
0 0.584957 0.82778 0.0614878 0.0984811 0.644531
0 0.505902 0.659481 0.0516058 0.10779 0.697754
0 0.36275 0.6683 0.0227834 0.0401764 0.702148
3 0.450316 0.707986 0.0990942 0.229299 0.722656
0 0.103623 0.823616 0.207247 0.184223 0.745117
0 0.269695 0.681284 0.0403514 0.044586 0.755859
0 0.11076 0.922097 0.0617623 0.0793729 0.827637
