0 0.341781 0.559932 0.0167123 0.0122309 0.100037
0 0.0282192 0.897749 0.0564384 0.189824 0.106506
0 0.368904 0.647016 0.0358904 0.0738748 0.118225
0 0.0963014 0.781556 0.101096 0.0905088 0.12207
0 0.188904 0.657779 0.0545205 0.0347358 0.127808
0 0.388767 0.551125 0.0175342 0.0200587 0.130737
0 0.121233 0.754648 0.0578082 0.0523483 0.141602
0 0.0641096 0.822896 0.124932 0.142857 0.145142
0 0.351781 0.548924 0.0361644 0.0293542 0.145874
0 0.0728767 0.740949 0.145753 0.125734 0.154907
0 0.609452 0.960372 0.0293151 0.0714286 0.167114
0 0.400685 0.579746 0.00739726 0.0342466 0.167969
0 0.404932 0.685176 0.0219178 0.0670254 0.184082
0 0.330137 0.612524 0.0131507 0.0195695 0.192139
1 0.376712 0.68909 0.0410959 0.0181018 0.202026
0 0.0341096 0.842955 0.0682192 0.0870842 0.244263
0 0.443836 0.718444 0.0246575 0.130626 0.255371
0 0.385205 0.567759 0.0208219 0.0523483 0.258057
1 0.323014 0.610323 0.136986 0.0415851 0.274414
0 0.175342 0.70181 0.0520548 0.0464775 0.283447
0 0.158082 0.678327 0.0630137 0.0445205 0.284912
0 0.153014 0.727251 0.0994521 0.0934442 0.289062
0 0.369863 0.670988 0.0471233 0.0513699 0.290771
0 0.176575 0.663894 0.0320548 0.0225049 0.307129
0 0.353425 0.663405 0.0136986 0.0342466 0.318848
0 0.410685 0.59589 0.0230137 0.0665362 0.331787
0 0.380822 0.581703 0.0120548 0.0234834 0.355469
0 0.348904 0.581458 0.0293151 0.0366928 0.359131
0 0.293973 0.616194 0.08 0.0357143 0.403809
0 0.436986 0.880382 0.0367123 0.196184 0.52832
0 0.389452 0.845157 0.0336986 0.303816 0.531738
0 0.239863 0.624266 0.02 0.0254403 0.532227
0 0.113562 0.707926 0.089589 0.0694716 0.616211
0 0.0361644 0.771771 0.0723288 0.0611546 0.629395
0 0.376027 0.629403 0.0210959 0.0464775 0.662109
0 0.483425 0.912427 0.0293151 0.165362 0.679199
0 0.224795 0.665117 0.0419178 0.0503914 0.897461
0 0.297397 0.833659 0.0884932 0.322896 0.927246
