0 0.399259 0.697697 0.0776832 0.11171 0.130615
0 0.300576 0.637678 0.0691738 0.0475257 0.132812
0 0.416964 0.582068 0.0554488 0.0489956 0.135864
0 0.221795 0.675649 0.0592918 0.0460559 0.137451
0 0.378946 0.617099 0.0639583 0.0534052 0.152954
0 0.374828 0.648947 0.0557233 0.0583048 0.159668
0 0.437414 0.572758 0.0112545 0.0284174 0.197266
0 0.208482 0.687408 0.0288224 0.0254777 0.201172
0 0.431375 0.577168 0.0244304 0.0352768 0.282715
0 0.534724 0.927976 0.0664288 0.136208 0.326904
0 0.383063 0.676384 0.0194894 0.0347869 0.355469
0 0.446198 0.773395 0.0150974 0.067124 0.381104
0 0.393632 0.633023 0.0922317 0.077413 0.580078
0 0.429454 0.663645 0.0178424 0.0514454 0.605957
0 0.460472 0.870162 0.0370574 0.259677 0.615723
0 0.372358 0.83219 0.0238814 0.140617 0.672363
0 0.166346 0.77609 0.319517 0.275355 0.754395
0 0.386769 0.723665 0.0455668 0.0568349 0.826172
