0 0.373014 0.550147 0.0205479 0.028865 0.107239
1 0.362329 0.569227 0.126301 0.0220157 0.113403
0 0.263562 0.616928 0.00931507 0.0293542 0.116272
1 0.327123 0.572652 0.0767123 0.0190802 0.11731
0 0.423288 0.525196 0.00821918 0.0210372 0.123779
0 0.356986 0.57681 0.0126027 0.0264188 0.213623
1 0.274384 0.629892 0.0320548 0.0132094 0.221436
0 0.415342 0.547945 0.00876712 0.0136986 0.283691
0 0.274658 0.614237 0.0331507 0.0435421 0.34668
0 0.415342 0.618151 0.0147945 0.047456 0.399658
0 0.279315 0.594178 0.0320548 0.026908 0.603516
1 0.367945 0.954256 0.127123 0.066047 0.617676
0 0.427534 0.706703 0.0386301 0.228474 0.692383
3 0.450822 0.899706 0.0517808 0.189824 0.79248
0 0.196301 0.851272 0.150411 0.267123 0.820801
0 0.370548 0.676125 0.0156164 0.0665362 0.853027
