0 0.282466 0.757828 0.0515069 0.0870842 0.103088
0 0.341507 0.58953 0.00958904 0.0176125 0.114441
0 0.306438 0.54183 0.0117808 0.0200587 0.124023
0 0.224247 0.638209 0.0873973 0.0807241 0.129761
0 0.246575 0.856654 0.0405479 0.111546 0.131104
0 0.34137 0.606898 0.0142466 0.0445205 0.136475
0 0.196575 0.664384 0.14274 0.136986 0.145508
0 0.338082 0.557975 0.00547945 0.0122309 0.165527
0 0.259452 0.60592 0.0213699 0.0259295 0.166016
0 0.290548 0.753914 0.126301 0.330724 0.181396
0 0.151233 0.710127 0.0547945 0.0484344 0.210693
0 0.328356 0.648239 0.0391781 0.119374 0.332764
0 0.239452 0.623288 0.0608219 0.0547945 0.357666
0 0.30589 0.692759 0.0873973 0.19863 0.375488
0 0.325616 0.606898 0.0123288 0.0220157 0.382812
0 0.306849 0.653865 0.0120548 0.0318004 0.482178
0 0.291233 0.577544 0.0378082 0.0631115 0.620117
