0 0.0205874 0.848604 0.0411749 0.0823126 0.102661
0 0.386906 0.738119 0.0101565 0.0514454 0.113953
0 0.148641 0.688878 0.0842712 0.0872122 0.118591
0 0.383201 0.713621 0.0175679 0.100441 0.119934
0 0.0721933 0.763596 0.0982707 0.103381 0.141602
0 0.326928 0.909603 0.0433708 0.169035 0.156616
0 0.380318 0.604116 0.0200384 0.0382166 0.182983
1 0.23003 0.60926 0.0559978 0.0269476 0.208252
0 0.228109 0.620284 0.0538018 0.0519353 0.234375
0 0.28095 0.642087 0.0211364 0.0955414 0.23938
0 0.126956 0.708231 0.0403514 0.0534052 0.291016
3 0.422454 0.703577 0.0477628 0.126409 0.297363
0 0.391847 0.620284 0.0441943 0.0715336 0.339844
0 0.424376 0.704802 0.0450178 0.131798 0.344971
0 0.166072 0.669525 0.0559978 0.0524253 0.358643
0 0.0469393 0.796423 0.0938787 0.11612 0.446045
0 0.212737 0.632288 0.0208619 0.0269476 0.599609
0 0.221932 0.926262 0.0337634 0.0681039 0.710449
0 0.480099 0.877756 0.0614878 0.22783 0.748535
