0 0.298792 0.675649 0.0348614 0.0587947 0.112305
1 0.352731 0.683488 0.0971727 0.0176384 0.143066
0 0.310596 0.659971 0.0123525 0.0284174 0.147339
0 0.358221 0.567859 0.0186659 0.0303773 0.167114
0 0.424238 0.730279 0.0409004 0.129838 0.196655
0 0.578644 0.874571 0.0625858 0.127389 0.240601
1 0.463492 0.714111 0.0732912 0.0200882 0.338623
1 0.232501 0.742773 0.298655 0.0372366 0.372803
0 0.303047 0.60926 0.0400769 0.0279275 0.652832
0 0.252265 0.629348 0.0433708 0.0426262 0.796387
0 0.27793 0.687898 0.0776832 0.0813327 0.818848
0 0.0477628 0.920872 0.0955257 0.137678 0.86084
