0 0.289596 0.657766 0.0527038 0.0759432 0.10022
1 0.427807 0.89123 0.0721933 0.0382166 0.112122
1 0.323497 0.703822 0.0990942 0.0200882 0.133301
0 0.465139 0.817491 0.0376064 0.163155 0.158691
1 0.355202 0.624694 0.0911337 0.0264576 0.174927
0 0.435355 0.871632 0.0834477 0.077413 0.220459
1 0.43563 0.874571 0.0845457 0.0705537 0.273438
3 0.291243 0.656296 0.0559978 0.0759432 0.307617
1 0.178013 0.742283 0.236344 0.0803528 0.369141
0 0.356163 0.849584 0.0321164 0.0715336 0.446289
0 0.471727 0.77511 0.0205874 0.0803528 0.47168
1 0.267088 0.786624 0.449629 0.0749633 0.593262
1 0.0903102 0.839049 0.176777 0.0622244 0.69873
