0 0.22 0.791585 0.0142466 0.0146771 0.121521
0 0.335479 0.662427 0.0249315 0.0313112 0.126465
0 0.404932 0.552838 0.00931507 0.0166341 0.146118
0 0.220411 0.754158 0.0249315 0.0259295 0.149902
1 0.378219 0.648973 0.0561644 0.0112524 0.157593
0 0.280685 0.78547 0.0112329 0.0210372 0.185181
0 0.206027 0.782534 0.029589 0.0347358 0.234863
0 0.427808 0.717955 0.010137 0.0396282 0.253906
0 0.294658 0.807241 0.0172603 0.0332681 0.268799
0 0.267123 0.960372 0.019726 0.0665362 0.325684
0 0.238493 0.668297 0.0271233 0.0391389 0.341553
1 0.356712 0.811155 0.090411 0.0244618 0.416504
0 0.413562 0.754158 0.0386301 0.10225 0.54248
0 0.258493 0.867906 0.0194521 0.0714286 0.59082
0 0.448493 0.71184 0.0213699 0.0567515 0.624512
0 0.210548 0.772016 0.0408219 0.0567515 0.676758
0 0.262329 0.75636 0.0616438 0.118395 0.753906
0 0.26274 0.912671 0.0263014 0.161937 0.762207
0 0.400548 0.962818 0.0180822 0.0645793 0.786621
