0 0.303047 0.72783 0.0801537 0.11318 0.103882
0 0.394181 0.677364 0.0532528 0.0867222 0.11145
0 0.309772 0.840519 0.0941532 0.197452 0.124451
0 0.0362339 0.924302 0.0724677 0.144537 0.13147
0 0.528273 0.549241 0.00796047 0.0195982 0.136353
0 0.513588 0.641597 0.013725 0.0700637 0.159668
1 0.135328 0.961783 0.0444688 0.022538 0.175171
0 0.238951 0.958354 0.0288224 0.0734934 0.176147
3 0.115701 0.822146 0.0815262 0.0783929 0.179932
0 0.282185 0.684223 0.0581938 0.0377266 0.182861
0 0.294126 0.881431 0.0595663 0.117589 0.199707
0 0.221932 0.689123 0.0354104 0.0377266 0.215576
0 0.496157 0.875061 0.0156464 0.0411563 0.224609
0 0.513725 0.819696 0.0118035 0.0244978 0.24646
0 0.204365 0.882656 0.116113 0.196472 0.261719
0 0.546802 0.856933 0.0400769 0.137188 0.293945
3 0.508372 0.549241 0.0301949 0.0264576 0.304199
1 0.0948394 0.769966 0.104584 0.0357668 0.34082
0 0.383612 0.690103 0.0332144 0.0592847 0.405273
0 0.167993 0.897599 0.0406259 0.0568349 0.480225
0 0.535136 0.688143 0.00796047 0.0279275 0.480469
0 0.516607 0.625184 0.00988197 0.0372366 0.524902
3 0.278754 0.645517 0.116113 0.100441 0.52832
0 0.470354 0.645517 0.0150974 0.0279275 0.608887
3 0.189679 0.743018 0.109251 0.099461 0.706543
3 0.48504 0.802058 0.0680758 0.176384 0.920898
