2 0.46547 0.986486 0.0200495 0.0211302 0.103333
3 0.410644 0.795823 0.165842 0.391646 0.103455
2 0.471906 0.940541 0.0398515 0.106143 0.116821
0 0.40854 0.79312 0.164109 0.402948 0.147583
0 0.346906 0.630467 0.025 0.0570025 0.185791
2 0.436262 0.881327 0.0264851 0.0230958 0.202393
0 0.450124 0.881081 0.084901 0.228993 0.229492
3 0.363366 0.690172 0.0762376 0.18231 0.26123
2 0.423144 0.835872 0.0195545 0.0373464 0.275146
0 0.377723 0.940049 0.0272277 0.112039 0.370117
0 0.366955 0.899017 0.0423267 0.187224 0.476807
