0 0.0419984 0.8927 0.0839967 0.214601 0.108826
0 0.366456 0.562714 0.0230579 0.0465458 0.109375
3 0.410651 0.601421 0.0505078 0.104361 0.118286
0 0.408866 0.728319 0.0238814 0.066144 0.139404
0 0.0675268 0.808917 0.0642328 0.0705537 0.150024
0 0.485863 0.704067 0.011529 0.0254777 0.157104
0 0.348202 0.568349 0.0123525 0.0166585 0.163208
0 0.110486 0.757472 0.0656053 0.0460559 0.170166
1 0.409964 0.745958 0.0227834 0.0279275 0.177368
1 0.277107 0.6683 0.0430963 0.0146987 0.229248
0 0.299341 0.706026 0.0205874 0.0489956 0.258301
0 0.389514 0.655561 0.0181169 0.055855 0.401123
0 0.0524293 0.829005 0.104859 0.118569 0.461426
0 0.195581 0.697942 0.0782322 0.0837825 0.575195
0 0.421905 0.928711 0.0219599 0.132778 0.749023
0 0.522372 0.88437 0.0548998 0.2195 0.78125
