0 0.136301 0.714041 0.0753425 0.0621331 0.101501
0 0.417534 0.588063 0.00767123 0.0117417 0.10791
0 0.353973 0.561399 0.0153425 0.010274 0.122803
0 0.0171233 0.826566 0.0342466 0.0895303 0.12323
0 0.210959 0.66047 0.0663014 0.0420744 0.128662
0 0.0828767 0.946429 0.0216438 0.0259295 0.150879
0 0.113699 0.7341 0.059726 0.0523483 0.166138
0 0.559589 0.855431 0.0682192 0.125734 0.170532
0 0.0821918 0.757094 0.0356164 0.0259295 0.199829
0 0.397671 0.579746 0.010137 0.0234834 0.236206
0 0.422603 0.550147 0.00849315 0.0171233 0.244263
0 0.443973 0.821673 0.02 0.0670254 0.303955
0 0.39726 0.591243 0.0120548 0.0376712 0.361816
0 0.0980822 0.927348 0.0536986 0.0611546 0.381104
0 0.439041 0.842221 0.010137 0.0249511 0.394287
0 0.396712 0.600783 0.00986301 0.018591 0.431396
0 0.425616 0.618151 0.00684932 0.0171233 0.489502
0 0.0168493 0.800391 0.0336986 0.0381605 0.59082
0 0.43 0.688356 0.0145205 0.0293542 0.703613
0 0.29863 0.603474 0.0410959 0.0445205 0.708496
0 0.170137 0.694472 0.146849 0.111057 0.807129
0 0.39274 0.669521 0.0156164 0.0543053 0.812988
