0 0.599589 0.822652 0.0490411 0.0993151 0.110657
1 0.436027 0.587329 0.130137 0.0200587 0.115906
0 0.568904 0.975049 0.0156164 0.0401174 0.120056
0 0.0947945 0.955969 0.020274 0.0332681 0.121948
0 0.48137 0.662671 0.0230137 0.047456 0.151855
0 0.090411 0.9682 0.0290411 0.055773 0.151978
1 0.589863 0.95181 0.206027 0.0856164 0.16748
0 0.622192 0.8591 0.089863 0.169276 0.340576
0 0.521918 0.976027 0.0136986 0.0420744 0.379395
0 0.154932 0.875 0.0128767 0.0298434 0.413086
3 0.519452 0.834393 0.0646575 0.136497 0.561523
0 0.491233 0.702299 0.04 0.124755 0.767578
