0 0.477354 0.942675 0.0274499 0.102891 0.108887
0 0.210678 0.685203 0.0387044 0.0475257 0.113159
0 0.268735 0.71754 0.0872907 0.161195 0.125
2 0.226736 0.787604 0.0148229 0.0191083 0.141724
2 0.260774 0.731014 0.0214109 0.0293974 0.142944
0 0.403514 0.734934 0.0236069 0.0960314 0.1875
2 0.256245 0.737874 0.0139995 0.0137188 0.201782
0 0.238128 0.766046 0.0436453 0.067124 0.24353
0 0.285479 0.687408 0.0565468 0.104851 0.290771
0 0.183777 0.700882 0.0798792 0.0690838 0.303955
0 0.431375 0.700882 0.00741147 0.022048 0.345215
0 0.347928 0.581088 0.00905847 0.0176384 0.39209
0 0.466237 0.894904 0.0458413 0.195492 0.510742
0 0.170738 0.902744 0.102114 0.171975 0.514648
