0 0.346986 0.559198 0.00630137 0.0107632 0.102783
0 0.376986 0.547456 0.0136986 0.0254403 0.115662
0 0.389315 0.494374 0.00876712 0.0122309 0.117554
1 0.353151 0.927348 0.586849 0.0768102 0.120361
1 0.0757534 0.941047 0.151507 0.0591977 0.130615
0 0.419589 0.585861 0.00684932 0.0161448 0.134033
0 0.247534 0.758317 0.187123 0.306262 0.137451
1 0.0736986 0.972603 0.147397 0.0489237 0.156006
0 0.429452 0.565068 0.0090411 0.0244618 0.157959
0 0.439452 0.623777 0.0219178 0.0215264 0.165649
3 0.178082 0.896526 0.122192 0.206947 0.19873
0 0.393836 0.513943 0.010137 0.0181018 0.296387
0 0.458493 0.640411 0.0178082 0.055773 0.297119
0 0.456986 0.674413 0.0213699 0.0239726 0.324951
0 0.433836 0.572896 0.0134247 0.0381605 0.410889
0 0.493425 0.731898 0.0290411 0.0694716 0.507812
0 0.449178 0.643102 0.0391781 0.0582192 0.564941
0 0.29137 0.694716 0.10274 0.182975 0.568359
1 0.243699 0.950832 0.487397 0.0905088 0.600098
0 0.457397 0.700587 0.0156164 0.0342466 0.611328
3 0.418493 0.510029 0.0123288 0.0415851 0.733398
0 0.481781 0.83317 0.0254795 0.174168 0.80957
