0 0.14123 0.77364 0.0782322 0.0970113 0.100891
0 0.0424101 0.83709 0.0848202 0.132778 0.127563
0 0.0856437 0.736894 0.0538018 0.0470358 0.139282
0 0.198326 0.707741 0.0968982 0.11514 0.147339
0 0.0570958 0.799853 0.0774087 0.0641842 0.162231
0 0.0948394 0.765066 0.102937 0.088682 0.173828
0 0.114603 0.745713 0.0721933 0.0578148 0.20874
0 0.189404 0.679569 0.0669778 0.0587947 0.214355
0 0.159209 0.708476 0.106506 0.101911 0.292236
0 0.369613 0.889515 0.0161954 0.0367467 0.403564
0 0.423003 0.698677 0.0351359 0.136208 0.419189
0 0.56437 0.848604 0.101565 0.216561 0.615234
