0 0.414082 0.581088 0.00686248 0.0264576 0.101746
0 0.301949 0.61318 0.0362339 0.0357668 0.104797
0 0.387455 0.536502 0.0150974 0.0146987 0.105408
0 0.332007 0.77364 0.0249794 0.117589 0.106995
0 0.0295086 0.799608 0.0590173 0.0548751 0.109558
0 0.472001 0.973542 0.0288224 0.0529152 0.111572
0 0.252676 0.926262 0.0419984 0.135718 0.112244
0 0.49602 0.839294 0.0225089 0.10583 0.113525
0 0.255284 0.627634 0.0510568 0.0362567 0.113647
0 0.0855065 0.747918 0.0612133 0.0416463 0.114258
0 0.196953 0.673689 0.0782322 0.0548751 0.117126
0 0.416141 0.746448 0.0219599 0.0749633 0.124512
3 0.266127 0.864037 0.154543 0.270946 0.126099
0 0.0524293 0.783195 0.104859 0.088682 0.127441
0 0.480648 0.760167 0.0307439 0.10632 0.131104
0 0.116799 0.725625 0.135328 0.099951 0.136963
0 0.419846 0.672954 0.0205874 0.0749633 0.137817
1 0.374966 0.709211 0.0653308 0.0289074 0.158325
0 0.287126 0.631308 0.0658798 0.0739833 0.174316
0 0.457727 0.741303 0.0150974 0.0470358 0.185303
3 0.447982 0.801078 0.108153 0.394904 0.195801
0 0.218501 0.657276 0.0477628 0.0396864 0.234131
0 0.403514 0.886575 0.013176 0.0602646 0.24939
0 0.0668405 0.837825 0.0990942 0.117589 0.26001
0 0.415043 0.715581 0.0285479 0.139637 0.285889
0 0.12874 0.778785 0.236618 0.228809 0.300781
3 0.242245 0.931161 0.120505 0.136698 0.312744
0 0.355202 0.609995 0.0307439 0.0470358 0.315674
0 0.450453 0.7805 0.0142739 0.055855 0.339844
0 0.426846 0.576923 0.00878397 0.0436061 0.36084
0 0.472413 0.83856 0.011529 0.0563449 0.381104
0 0.388691 0.619059 0.0208619 0.0377266 0.422363
