0 0.449218 0.660461 0.0107055 0.0235179 0.10022
0 0.282185 0.643802 0.0450178 0.0382166 0.110413
0 0.266127 0.654581 0.0579193 0.0450759 0.125
0 0.0207247 0.879226 0.0414494 0.0769231 0.192749
0 0.352457 0.668545 0.0450178 0.0749633 0.194946
0 0.448257 0.672954 0.013725 0.0465458 0.204834
0 0.171562 0.736159 0.0609388 0.0543851 0.567383
0 0.468021 0.679569 0.0164699 0.0538951 0.592773
0 0.209306 0.686918 0.0650563 0.044096 0.632324
0 0.0757617 0.821656 0.110349 0.0940715 0.696777
3 0.444277 0.609995 0.0326654 0.0636943 0.794922
0 0.266813 0.770701 0.0395279 0.0411563 0.818359
0 0.148778 0.828025 0.172934 0.202842 0.895996
