0 0.428905 0.562224 0.0123525 0.0200882 0.111023
0 0.432336 0.659481 0.0208619 0.0764331 0.145508
0 0.363437 0.581823 0.013176 0.0210681 0.145508
0 0.424787 0.585007 0.0145484 0.0538951 0.151855
0 0.282322 0.698187 0.0156464 0.0244978 0.15625
0 0.389926 0.565654 0.0189404 0.0200882 0.171997
0 0.384573 0.571534 0.00768597 0.011269 0.180786
0 0.351359 0.555365 0.0230579 0.0161685 0.190186
0 0.347653 0.604361 0.0447433 0.0592847 0.21106
0 0.45608 0.61514 0.0107055 0.033807 0.365723
0 0.455257 0.662665 0.0683503 0.0828025 0.416992
0 0.440434 0.626899 0.0452923 0.147477 0.428467
0 0.244579 0.61318 0.0252539 0.0191083 0.540039
0 0.32734 0.636943 0.0787812 0.119549 0.612793
0 0.0850947 0.776825 0.169091 0.159236 0.634766
0 0.472687 0.915238 0.0400769 0.169525 0.853027
