0 0.492192 0.672701 0.0145205 0.0254403 0.10553
0 0.403973 0.521282 0.00575342 0.0181018 0.154907
0 0.445616 0.66047 0.0232877 0.0782779 0.1604
0 0.406027 0.597358 0.0060274 0.0166341 0.174316
0 0.425616 0.595157 0.0210959 0.0758317 0.215332
0 0.439726 0.657045 0.0153425 0.0636008 0.242188
0 0.396027 0.575342 0.00575342 0.0381605 0.339844
0 0.430137 0.623532 0.0279452 0.124755 0.377441
0 0.470137 0.738503 0.0131507 0.0425636 0.38623
0 0.45 0.773239 0.0156164 0.0464775 0.458984
0 0.446027 0.819716 0.0191781 0.116928 0.475586
0 0.400822 0.579256 0.0142466 0.0479452 0.537109
0 0.456712 0.667074 0.0323288 0.0914873 0.583984
0 0.399178 0.627202 0.010411 0.0401174 0.609375
1 0.358219 0.753425 0.221096 0.0489237 0.772949
0 0.412192 0.934932 0.0375342 0.119374 0.894043
