0 0.303562 0.571918 0.0224658 0.0205479 0.104736
0 0.238493 0.63454 0.0463014 0.0401174 0.133301
0 0.364931 0.53498 0.00931507 0.0141879 0.181396
0 0.279315 0.614726 0.00630137 0.0141879 0.22229
0 0.199726 0.858855 0.0476712 0.084638 0.348389
0 0.250822 0.765166 0.0457534 0.0821918 0.359375
0 0.119726 0.777642 0.0443836 0.0278865 0.444336
0 0.41137 0.571184 0.0090411 0.0298434 0.550293
1 0.555068 0.965753 0.134795 0.0626223 0.645996
3 0.456849 0.794276 0.1 0.400685 0.826172
0 0.303973 0.663405 0.0282192 0.0489237 0.847168
0 0.225068 0.812867 0.0983562 0.181507 0.890137
