0 0.0138356 0.771771 0.0276712 0.045499 0.119995
1 0.303699 0.593689 0.0386301 0.0122309 0.123474
0 0.182466 0.657779 0.0175342 0.0259295 0.127808
0 0.229315 0.569961 0.0136986 0.0156556 0.133423
0 0.28411 0.581947 0.00821918 0.0386497 0.13501
0 0.318356 0.562378 0.0131507 0.0200587 0.163818
0 0.278356 0.550147 0.0164384 0.0229941 0.164673
1 0.274658 0.677593 0.0358904 0.0244618 0.168091
0 0.241781 0.621331 0.0216438 0.0234834 0.169556
0 0.0178082 0.75636 0.0356164 0.0420744 0.177124
0 0.181233 0.665362 0.0128767 0.0176125 0.181396
0 0.113014 0.779843 0.108219 0.109589 0.210693
0 0.349589 0.579256 0.0153425 0.0166341 0.240479
0 0.0819178 0.815313 0.163836 0.190313 0.26709
0 0.239315 0.531067 0.00794521 0.0112524 0.310547
0 0.246986 0.61864 0.0145205 0.0200587 0.325195
0 0.285616 0.575587 0.00520548 0.028865 0.368408
0 0.201507 0.604207 0.0156164 0.0195695 0.370605
0 0.246575 0.582192 0.0158904 0.0322896 0.393799
0 0.0276712 0.747309 0.0553425 0.0503914 0.421143
0 0.235205 0.646037 0.02 0.0327789 0.563477
0 0.261781 0.555039 0.0167123 0.0376712 0.594238
0 0.183151 0.646282 0.0210959 0.0244618 0.657715
0 0.192192 0.693249 0.0413699 0.0782779 0.870605
0 0.255342 0.663894 0.0279452 0.0636008 0.873047
0 0.0971233 0.706947 0.117534 0.104697 0.883789
0 0.113014 0.912182 0.104932 0.169765 0.88623
