0 0.482158 0.66781 0.0129015 0.0519353 0.104065
0 0.474334 0.608525 0.012078 0.0166585 0.104309
3 0.439336 0.522783 0.0150974 0.0489956 0.104492
0 0.341614 0.648212 0.00741147 0.0146987 0.104614
1 0.274362 0.723175 0.130936 0.0323371 0.106628
1 0.388416 0.67173 0.0878397 0.0235179 0.107605
3 0.442355 0.488976 0.0145484 0.0235179 0.11084
1 0.473923 0.638902 0.0321164 0.0176384 0.130005
0 0.35081 0.576678 0.0345869 0.0303773 0.134033
0 0.348477 0.686918 0.0458413 0.0382166 0.135986
0 0.117211 0.725625 0.0680758 0.0470358 0.14502
0 0.357947 0.731014 0.0214109 0.0303773 0.145996
0 0.22207 0.688633 0.0356849 0.0455659 0.1698
0 0.0107055 0.829005 0.0214109 0.0734934 0.19104
0 0.363299 0.727095 0.0123525 0.0254777 0.225342
0 0.0699973 0.758942 0.130662 0.0695737 0.257812
0 0.468707 0.676384 0.0205874 0.0534052 0.285889
0 0.332007 0.700392 0.0112545 0.0171485 0.321289
0 0.286714 0.623714 0.0370574 0.0372366 0.325928
0 0.436591 0.567614 0.00741147 0.0200882 0.329834
0 0.356163 0.653356 0.0167444 0.022048 0.371094
0 0.499177 0.760657 0.0249794 0.0916218 0.373047
0 0.302498 0.607545 0.0669778 0.0636943 0.377441
0 0.23552 0.674424 0.0598408 0.0573248 0.378174
0 0.308125 0.687898 0.0337634 0.0480157 0.421875
0 0.361241 0.570064 0.013725 0.0200882 0.429199
0 0.206423 0.844194 0.0422729 0.0627144 0.460693
0 0.175679 0.683488 0.0697228 0.0607545 0.499756
0 0.426297 0.655316 0.0208619 0.0896619 0.539551
1 0.331458 0.714601 0.252265 0.0426262 0.573242
0 0.0941532 0.787849 0.141093 0.118569 0.726562
0 0.258166 0.956639 0.0200384 0.0749633 0.726562
0 0.0385671 0.922587 0.0771342 0.151886 0.733398
0 0.175954 0.77805 0.0669778 0.099951 0.751953
0 0.222344 0.819941 0.0713698 0.1122 0.762207
0 0.506314 0.911318 0.0546253 0.174424 0.79834
