0 0.413836 0.561888 0.00958904 0.0181018 0.106689
1 0.44137 0.764188 0.050411 0.0146771 0.108826
1 0.291233 0.654354 0.187945 0.0396282 0.109619
1 0.482877 0.81091 0.111507 0.0190802 0.113159
1 0.44411 0.671722 0.0778082 0.0225049 0.116333
1 0.33274 0.667319 0.123014 0.0254403 0.11792
0 0.415753 0.712573 0.0260274 0.0278865 0.119324
1 0.46411 0.81409 0.0515069 0.0156556 0.119629
0 0.293288 0.640411 0.0254795 0.0293542 0.120728
0 0.301781 0.97456 0.0380822 0.0508806 0.132935
0 0.39137 0.691781 0.0205479 0.0205479 0.137085
0 0.411096 0.607387 0.0183562 0.0601761 0.137695
0 0.429726 0.813112 0.0172603 0.0459883 0.150757
0 0.575206 0.864237 0.0731507 0.160959 0.154907
0 0.494795 0.770303 0.00986301 0.0533268 0.156128
0 0.40137 0.675147 0.0175342 0.0577299 0.172607
0 0.359315 0.618151 0.0161644 0.0357143 0.182251
1 0.391096 0.69227 0.0210959 0.0205479 0.192993
0 0.429315 0.849804 0.0180822 0.118395 0.200928
0 0.542466 0.980431 0.0147945 0.035225 0.203003
0 0.106712 0.859344 0.0654794 0.0817025 0.228882
0 0.491507 0.86864 0.0164384 0.0963796 0.264404
0 0.353836 0.900196 0.010137 0.0362035 0.279541
0 0.36274 0.841977 0.00986301 0.0234834 0.298828
0 0.312877 0.972603 0.0180822 0.053816 0.299072
0 0.389452 0.591977 0.00958904 0.0273973 0.320557
0 0.454384 0.959393 0.0249315 0.0802348 0.338135
0 0.35274 0.625734 0.0282192 0.0479452 0.369873
0 0.39411 0.807485 0.0156164 0.026908 0.386475
1 0.453836 0.732387 0.0890411 0.0303327 0.437256
0 0.405205 0.621575 0.0279452 0.082681 0.572266
1 0.55137 0.95181 0.127945 0.0680039 0.593262
0 0.394521 0.720157 0.019726 0.0313112 0.683594
0 0.390822 0.785225 0.0210959 0.0665362 0.705566
1 0.314658 0.930039 0.150411 0.129159 0.798828
0 0.216712 0.719178 0.0991781 0.12818 0.849121
