0 0.223579 0.767516 0.0337634 0.0730034 0.106262
0 0.225089 0.685693 0.138348 0.131798 0.12262
0 0.36275 0.638902 0.00796047 0.0176384 0.124146
1 0.0199012 0.934101 0.0332144 0.0210681 0.131714
3 0.218227 0.695247 0.151523 0.151886 0.136597
0 0.385946 0.554385 0.0428219 0.0289074 0.152588
0 0.117348 0.927976 0.0721933 0.141107 0.160156
0 0.363848 0.61416 0.0381554 0.0475257 0.23938
0 0.206149 0.796178 0.0636838 0.126409 0.245728
0 0.378397 0.598481 0.0678013 0.0759432 0.272461
0 0.40571 0.580598 0.0219599 0.0391965 0.276611
0 0.179797 0.730524 0.0796047 0.103871 0.294434
0 0.126132 0.870407 0.202855 0.258207 0.328613
0 0.186934 0.82974 0.0494098 0.0583048 0.332764
0 0.0975844 0.816022 0.102388 0.121999 0.490234
0 0.202855 0.761881 0.0422729 0.0803528 0.526367
0 0.252539 0.665605 0.0878397 0.0926017 0.5625
0 0.0826242 0.919892 0.134505 0.155316 0.581055
0 0.351633 0.703577 0.0406259 0.11073 0.723145
