0 0.0538018 0.882656 0.107604 0.11122 0.100098
0 0.213698 0.692553 0.0914082 0.10828 0.101501
0 0.308537 0.594072 0.0439198 0.0681039 0.11084
0 0.300027 0.610485 0.0279989 0.0391965 0.118408
0 0.0226462 0.900294 0.0452923 0.066144 0.149902
0 0.126681 0.786624 0.0458413 0.0534052 0.15332
0 0.17966 0.734199 0.152896 0.177854 0.172729
0 0.202169 0.719255 0.0409004 0.044096 0.184692
0 0.263382 0.591622 0.0365084 0.0269476 0.303711
0 0.139995 0.785889 0.0713698 0.0783929 0.338135
0 0.293714 0.836355 0.0911337 0.313572 0.912598
