0 0.421644 0.58635 0.00657534 0.0210372 0.101257
0 0.357671 0.598092 0.0090411 0.0190802 0.150269
0 0.354521 0.870108 0.0060274 0.0181018 0.165649
0 0.351507 0.624266 0.00767123 0.0127202 0.205322
0 0.359041 0.604207 0.00684932 0.0136986 0.227539
0 0.188493 0.65411 0.0909589 0.0802348 0.313965
0 0.210959 0.635274 0.0449315 0.045499 0.323975
0 0.171781 0.671477 0.0630137 0.0503914 0.364746
0 0.41137 0.604452 0.0123288 0.028865 0.627441
0 0.27589 0.581213 0.0284932 0.0234834 0.665039
0 0.369452 0.84907 0.0123288 0.0445205 0.673828
0 0.384795 0.786693 0.010137 0.0714286 0.730957
