0 0.335479 0.646526 0.0567123 0.103229 0.106934
1 0.402192 0.645793 0.166027 0.0244618 0.120422
0 0.42 0.551614 0.0219178 0.0210372 0.176392
1 0.255068 0.659491 0.158904 0.0234834 0.186401
0 0.355753 0.6091 0.0194521 0.0244618 0.195312
0 0.449178 0.628669 0.00575342 0.0156556 0.208618
1 0.430411 0.617661 0.0668493 0.0210372 0.235596
0 0.453562 0.578523 0.00794521 0.0171233 0.314941
1 0.323699 0.65362 0.322466 0.0391389 0.318848
0 0.320137 0.679061 0.0287671 0.0489237 0.346924
0 0.348493 0.626712 0.0312329 0.0567515 0.381104
0 0.38274 0.592466 0.0306849 0.0391389 0.541016
