2 0.61137 0.66047 0.0391781 0.0264188 0.1073
1 0.573836 0.877446 0.0693151 0.0200587 0.11438
3 0.612329 0.65998 0.04 0.0264188 0.120972
0 0.0267123 0.794276 0.0534247 0.0562622 0.124146
0 0.00630137 0.800391 0.0126027 0.0215264 0.15564
1 0.334795 0.610078 0.0536986 0.0244618 0.179932
0 0.111096 0.71502 0.069863 0.0601761 0.206177
0 0.0886301 0.733366 0.0479452 0.0420744 0.230225
1 0.300548 0.928816 0.601096 0.0611546 0.255371
0 0.355479 0.598826 0.00958904 0.0176125 0.296875
1 0.317123 0.677838 0.253425 0.0278865 0.298828
2 0.555068 0.799413 0.0224658 0.0254403 0.345459
0 0.162329 0.674413 0.039726 0.0347358 0.412842
0 0.0371233 0.7818 0.0369863 0.0322896 0.567383
