1 0.0509196 0.799118 0.101839 0.0313572 0.104187
0 0.0591545 0.808917 0.118309 0.234199 0.104858
1 0.337634 0.568594 0.0779577 0.0357668 0.115295
0 0.186248 0.659971 0.0875652 0.0715336 0.140259
1 0.305929 0.990201 0.11776 0.0195982 0.140625
0 0.349437 0.568104 0.013725 0.0524253 0.152954
0 0.265578 0.609015 0.0233324 0.0215581 0.158081
0 0.426434 0.703332 0.0233324 0.0837825 0.179321
0 0.140132 0.83121 0.0271754 0.033807 0.220459
0 0.41669 0.699657 0.0219599 0.0970113 0.24939
0 0.348614 0.555365 0.00988197 0.0269476 0.282715
0 0.392671 0.638658 0.0107055 0.0357668 0.348389
0 0.46857 0.72048 0.0175679 0.0249878 0.355469
0 0.559566 0.899069 0.0656053 0.201862 0.398682
0 0.274225 0.877511 0.0949767 0.235179 0.410889
0 0.374828 0.856688 0.0244304 0.285644 0.488037
0 0.167582 0.78197 0.0820752 0.132288 0.495117
0 0.0889377 0.734689 0.177875 0.153356 0.503418
0 0.442355 0.705781 0.0321164 0.0690838 0.509766
0 0.392808 0.66732 0.0142739 0.0921117 0.584961
0 0.421082 0.818226 0.0395279 0.363547 0.597656
0 0.48106 0.786134 0.0376064 0.0984811 0.600098
0 0.142602 0.813817 0.0332144 0.0705537 0.609375
0 0.454159 0.769721 0.0233324 0.0548751 0.677246
0 0.462943 0.750857 0.0749382 0.160216 0.695312
0 0.315674 0.673444 0.0889377 0.149437 0.788574
0 0.2944 0.802058 0.134779 0.390985 0.821777
0 0.234834 0.657521 0.0809772 0.0862322 0.856934
