2 0.424876 0.697543 0.0235149 0.0358722 0.108704
2 0.448762 0.640541 0.0336634 0.017199 0.109497
2 0.553713 0.735135 0.0158416 0.014742 0.110107
2 0.553713 0.767076 0.0272277 0.0206388 0.127686
2 0.573144 0.751597 0.0175743 0.0132678 0.131592
2 0.541955 0.765602 0.0556931 0.0461916 0.13562
2 0.612748 0.665356 0.00767327 0.00786241 0.148071
2 0.55953 0.773219 0.024505 0.022113 0.196045
2 0.575248 0.812531 0.0430693 0.0407862 0.242065
2 0.55953 0.738084 0.024505 0.0186732 0.258301
2 0.534158 0.775184 0.0371287 0.0339066 0.424316
2 0.656807 0.693366 0.024505 0.0186732 0.460693
2 0.56349 0.804914 0.0215347 0.0235872 0.651367
2 0.204827 0.740541 0.0131188 0.014742 0.671875
2 0.58255 0.711794 0.025495 0.0162162 0.831055
