0 0.201918 0.732387 0.0142466 0.0166341 0.116882
1 0.363562 0.6568 0.156712 0.0190802 0.117798
0 0.349452 0.565313 0.00684932 0.0112524 0.134277
1 0.214247 0.658268 0.116712 0.0220157 0.136963
0 0.393014 0.576321 0.00684932 0.018591 0.21875
1 0.253973 0.642613 0.0575342 0.026908 0.265625
0 0.181096 0.629403 0.0613699 0.0445205 0.310547
1 0.458767 0.836106 0.0556164 0.0136986 0.31543
0 0.383014 0.59907 0.00986301 0.0259295 0.356689
0 0.407671 0.593444 0.00547945 0.0234834 0.429932
0 0.16726 0.66683 0.0183562 0.0176125 0.442627
1 0.472877 0.888209 0.0553425 0.0278865 0.520996
0 0.187945 0.953523 0.0383562 0.0802348 0.536133
1 0.249863 0.757828 0.0536986 0.0322896 0.589844
0 0.492055 0.842955 0.0372603 0.134051 0.69043
0 0.208356 0.720157 0.0254795 0.037182 0.735352
3 0.40726 0.829012 0.124658 0.20499 0.881348
0 0.28 0.688845 0.0241096 0.0655577 0.908203
