0 0.167719 0.738854 0.132309 0.11269 0.110107
0 0.266813 0.661685 0.0422729 0.0426262 0.113159
0 0.0329399 0.89221 0.0653308 0.134248 0.117126
0 0.149876 0.756737 0.0757617 0.0641842 0.131226
0 0.450453 0.624694 0.00713697 0.0156786 0.151245
0 0.501098 0.784664 0.0211364 0.0592847 0.162842
0 0.44812 0.588192 0.00686248 0.0200882 0.22937
0 0.0395279 0.856933 0.0516058 0.0656541 0.311523
0 0.0962119 0.809652 0.0348614 0.0504655 0.346924
0 0.135054 0.775845 0.110898 0.11122 0.455078
0 0.283283 0.654091 0.0713698 0.0548751 0.541016
0 0.489569 0.757962 0.0452923 0.125429 0.67041
