0 0.359863 0.549658 0.0134247 0.0151663 0.101257
0 0.261096 0.683953 0.04 0.0704501 0.106628
0 0.123562 0.715509 0.0915068 0.0748532 0.114075
0 0.196027 0.675391 0.0336986 0.026908 0.114136
0 0.16863 0.813112 0.0391781 0.0401174 0.116211
0 0.29411 0.63454 0.0336986 0.0645793 0.121216
0 0.248904 0.70181 0.02 0.0396282 0.125854
0 0.105616 0.732387 0.0709589 0.0606654 0.126709
0 0.253151 0.61546 0.0668493 0.0499022 0.145752
0 0.160548 0.693249 0.0405479 0.0381605 0.165283
0 0.0686301 0.867417 0.0753425 0.0851272 0.1698
0 0.181918 0.803571 0.0652055 0.0533268 0.172607
0 0.449452 0.872798 0.00630137 0.0205479 0.184692
0 0.394521 0.613258 0.0131507 0.026908 0.192993
0 0.229452 0.634296 0.029863 0.0239726 0.205688
0 0.039863 0.777642 0.0791781 0.0631115 0.206055
0 0.310685 0.581947 0.0405479 0.0386497 0.241943
0 0.229178 0.752935 0.0545205 0.0733855 0.262207
0 0.210548 0.664384 0.0117808 0.0195695 0.329102
0 0.0149315 0.956947 0.029863 0.0821918 0.361328
0 0.0172603 0.928816 0.0306849 0.0278865 0.43457
0 0.249178 0.859344 0.0106849 0.0337573 0.445312
0 0.363836 0.670499 0.00821918 0.0220157 0.466797
0 0.0815068 0.741683 0.156438 0.119374 0.483154
0 0.346986 0.581213 0.0243836 0.0420744 0.51709
0 0.189589 0.679795 0.020274 0.0210372 0.585938
0 0.207397 0.776663 0.103014 0.114971 0.589355
1 0.101233 0.905333 0.149315 0.0278865 0.602051
0 0.276164 0.661448 0.0673973 0.110568 0.751953
0 0.0989041 0.837573 0.139726 0.138943 0.778809
0 0.0517808 0.954256 0.0493151 0.0836595 0.78125
0 0.227945 0.685176 0.0273973 0.0523483 0.811523
0 0.35589 0.636008 0.0487671 0.0733855 0.836426
0 0.240548 0.929061 0.0394521 0.127202 0.850098
0 0.194932 0.75636 0.06 0.0694716 0.856934
0 0.307123 0.75954 0.0493151 0.148239 0.902832
