0 0.00630137 0.799413 0.0126027 0.0626223 0.120056
0 0.344521 0.547945 0.00520548 0.0225049 0.12793
1 0.44411 0.686888 0.0630137 0.0166341 0.128418
1 0.33589 0.696184 0.174247 0.0215264 0.144531
0 0.417945 0.698386 0.00739726 0.0181018 0.159668
1 0.425068 0.641634 0.0550685 0.0132094 0.176514
0 0.88274 0.647016 0.102466 0.0425636 0.201172
0 0.406027 0.67319 0.0268493 0.055773 0.280762
0 0.397397 0.657779 0.0123288 0.0298434 0.330811
0 0.392603 0.595157 0.00767123 0.0181018 0.400391
0 0.379726 0.745842 0.0186301 0.0543053 0.683594
