0 0.284247 0.593689 0.0413699 0.0435421 0.105774
0 0.342329 0.565313 0.00630137 0.010274 0.124451
0 0.464384 0.694472 0.0191781 0.0464775 0.124817
0 0.396986 0.983855 0.00767123 0.0244618 0.125
1 0.345205 0.646526 0.0789041 0.0308219 0.153809
0 0.25589 0.65729 0.0224658 0.0347358 0.159546
0 0.210959 0.663405 0.0136986 0.0156556 0.174805
1 0.175342 0.678082 0.11726 0.0244618 0.185791
2 0.516027 0.645303 0.0205479 0.0234834 0.195923
0 0.390959 0.606164 0.00876712 0.0322896 0.241943
0 0.414521 0.980431 0.0136986 0.0313112 0.250732
0 0.379315 0.573386 0.00739726 0.0146771 0.258057
0 0.103014 0.706213 0.0558904 0.0494129 0.274902
0 0.323973 0.577299 0.00739726 0.0146771 0.293945
1 0.299178 0.710616 0.359452 0.0533268 0.325684
1 0.214658 0.665607 0.0232877 0.0190802 0.347656
0 0.288082 0.568493 0.0145205 0.0195695 0.44458
2 0.140685 0.954256 0.0391781 0.0817025 0.477783
2 0.155205 0.891389 0.0178082 0.0225049 0.514648
0 0.0916438 0.716243 0.0342466 0.0332681 0.595703
0 0.420137 0.669765 0.0123288 0.0469667 0.650879
0 0.402329 0.936155 0.0189041 0.116928 0.791992
0 0.422603 0.804305 0.0473973 0.101761 0.819336
