0 0.427944 0.616854 0.00768597 0.0166585 0.110413
0 0.402141 0.711416 0.0279989 0.0685938 0.111633
0 0.370162 0.648702 0.0167444 0.0685938 0.11792
0 0.369613 0.771681 0.0409004 0.0480157 0.121521
0 0.380593 0.745713 0.0628603 0.10877 0.133179
0 0.322262 0.60583 0.0307439 0.033807 0.161743
0 0.465276 0.71852 0.0340379 0.0828025 0.248657
0 0.221246 0.876776 0.133956 0.241548 0.273682
1 0.36179 0.735669 0.0532528 0.0269476 0.293945
0 0.266676 0.67173 0.129289 0.146007 0.299072
0 0.111996 0.902009 0.0263519 0.0382166 0.312256
0 0.130387 0.816022 0.110349 0.131798 0.3396
0 0.357947 0.591132 0.0175679 0.0298873 0.377197
0 0.212188 0.736649 0.232775 0.260167 0.392822
0 0.400357 0.604116 0.0107055 0.033317 0.400879
0 0.333516 0.683978 0.0889377 0.132288 0.418213
0 0.469805 0.839294 0.0321164 0.309652 0.483154
0 0.0978589 0.971583 0.0288224 0.0489956 0.507812
0 0.261186 0.793729 0.0387044 0.0930916 0.554688
0 0.443041 0.775845 0.0181169 0.0681039 0.618652
0 0.352457 0.66781 0.0527038 0.10877 0.632324
0 0.0484491 0.937286 0.0952512 0.10681 0.692871
0 0.15468 0.713376 0.104584 0.077413 0.71582
0 0.421631 0.641352 0.0236069 0.0460559 0.716797
0 0.195306 0.914993 0.0842712 0.160216 0.728027
0 0.421356 0.682999 0.0274499 0.055855 0.741699
0 0.0304694 0.897354 0.0609388 0.0906418 0.743164
0 0.346692 0.882656 0.103761 0.22293 0.776367
