0 0.262147 0.616365 0.0389789 0.0264576 0.100281
1 0.255559 0.665115 0.193247 0.0318471 0.103271
0 0.358221 0.603871 0.012078 0.0132288 0.108765
0 0.361103 0.55855 0.0227834 0.0166585 0.110962
1 0.206149 0.686183 0.126819 0.0426262 0.114746
0 0.285891 0.605096 0.0304694 0.0215581 0.129883
0 0.29193 0.713621 0.0156464 0.0181284 0.132568
0 0.448394 0.578883 0.0107055 0.0230279 0.137085
1 0.242932 0.656541 0.143837 0.0254777 0.141479
1 0.210815 0.668055 0.116388 0.0191083 0.14502
0 0.346418 0.563694 0.0521548 0.0269476 0.150513
0 0.317184 0.577168 0.0277244 0.0186183 0.1521
1 0.327615 0.673934 0.286303 0.0367467 0.169434
0 0.243343 0.635718 0.0650563 0.0436061 0.171265
0 0.214933 0.651641 0.013725 0.0176384 0.181641
0 0.170876 0.759677 0.0568213 0.0426262 0.190796
0 0.36728 0.574963 0.0527038 0.0387065 0.21582
0 0.12627 0.823371 0.0219599 0.0259677 0.216187
0 0.241147 0.699657 0.0557233 0.0607545 0.223877
1 0.23552 0.849094 0.0461158 0.0137188 0.247681
1 0.0853692 0.841254 0.105957 0.0401764 0.259766
0 0.308537 0.631308 0.0801537 0.0749633 0.270996
1 0.185424 0.842969 0.0332144 0.0200882 0.318604
0 0.240461 0.645517 0.0367829 0.0298873 0.333984
0 0.391161 0.605586 0.0142739 0.0235179 0.459961
0 0.414494 0.55757 0.0395279 0.0342969 0.562012
0 0.391985 0.636943 0.0181169 0.0470358 0.598145
0 0.356712 0.639882 0.0348614 0.0587947 0.620605
0 0.418886 0.596766 0.0142739 0.0195982 0.668457
0 0.237304 0.969623 0.0244304 0.0607545 0.746094
0 0.437689 0.838315 0.0458413 0.323371 0.760742
0 0.206561 0.728809 0.123799 0.119059 0.768066
0 0.266401 0.926997 0.0271754 0.0676139 0.839355
1 0.123936 0.796423 0.244579 0.0739833 0.847168
0 0.147131 0.705292 0.0477628 0.0465458 0.864258
0 0.349026 0.743263 0.0414494 0.133268 0.879883
0 0.260088 0.874571 0.0634093 0.153846 0.88623
