1 0.30538 0.734689 0.0650563 0.0426262 0.104187
3 0.380867 0.556345 0.0425474 0.033807 0.112061
0 0.517568 0.742283 0.0381554 0.103871 0.129761
1 0.377024 0.698187 0.0820752 0.0215581 0.13147
0 0.0855065 0.813327 0.0771342 0.10877 0.14209
1 0.323497 0.735424 0.191875 0.0617344 0.148071
0 0.2465 0.766291 0.0713698 0.0460559 0.149658
0 0.0903102 0.761391 0.0252539 0.0293974 0.158569
0 0.527313 0.768496 0.0186659 0.0504655 0.161743
0 0.541038 0.937531 0.0301949 0.124939 0.171143
0 0.221658 0.657276 0.0419984 0.0396864 0.213989
0 0.556547 0.799363 0.0293714 0.0808427 0.240723
1 0.524842 0.973052 0.0312929 0.0538951 0.247192
0 0.114466 0.737139 0.0680758 0.0602646 0.260254
0 0.524979 0.974522 0.0321164 0.0509554 0.274658
0 0.0469393 0.806712 0.0878397 0.0808427 0.299561
1 0.458688 0.687408 0.0384299 0.0156786 0.309814
3 0.448943 0.799363 0.0842712 0.159236 0.333008
0 0.410925 0.574473 0.00878397 0.0181284 0.366943
0 0.437963 0.952719 0.0332144 0.0945615 0.37207
0 0.272303 0.747183 0.118584 0.0793729 0.399902
3 0.469805 0.861342 0.125995 0.277315 0.404785
0 0.342438 0.690348 0.0238814 0.0489956 0.45874
1 0.272715 0.748408 0.11776 0.0720235 0.487305
0 0.481471 0.928956 0.0252539 0.134248 0.499023
1 0.380181 0.741303 0.0719187 0.033317 0.523926
0 0.475844 0.659481 0.0255284 0.0627144 0.605957
0 0.203404 0.669525 0.0779577 0.0651641 0.638184
0 0.0620368 0.83464 0.121329 0.157276 0.651855
3 0.422866 0.661685 0.0359594 0.099461 0.73584
