0 0.462192 0.681751 0.0180822 0.0366928 0.104126
0 0.449178 0.728963 0.0106849 0.074364 0.151855
0 0.374932 0.642857 0.010137 0.0401174 0.210083
0 0.410959 0.556996 0.00547945 0.0259295 0.229492
0 0.444658 0.652153 0.0142466 0.0381605 0.231567
0 0.310274 0.72089 0.0276712 0.0582192 0.276367
0 0.325342 0.82999 0.0117808 0.0278865 0.318359
0 0.426575 0.597358 0.00986301 0.0577299 0.325684
0 0.312192 0.745597 0.0517808 0.184932 0.457031
0 0.404521 0.63454 0.00684932 0.0234834 0.491943
0 0.453699 0.664628 0.0306849 0.0601761 0.534668
0 0.299315 0.791096 0.0287671 0.0782779 0.588867
0 0.333973 0.670499 0.00821918 0.0386497 0.618652
0 0.383699 0.682975 0.0512329 0.103718 0.822266
0 0.458767 0.758072 0.0293151 0.133562 0.85498
0 0.498904 0.913405 0.0273973 0.15362 0.896484
