0 0.337123 0.821673 0.02 0.0503914 0.100525
0 0.396438 0.606898 0.0126027 0.0513699 0.104065
0 0.407397 0.651908 0.00876712 0.028865 0.111572
0 0.348904 0.502691 0.00794521 0.0278865 0.141968
0 0.316438 0.754892 0.0241096 0.0645793 0.143555
0 0.020274 0.908023 0.0405479 0.0626223 0.171387
0 0.379589 0.524462 0.00684932 0.0176125 0.174561
0 0.401507 0.624755 0.02 0.0792564 0.24353
1 0.234658 0.865949 0.468219 0.0567515 0.256104
2 0.38863 0.551859 0.0254795 0.0225049 0.27124
3 0.40137 0.625245 0.020274 0.0821918 0.283936
0 0.216986 0.783513 0.0816438 0.138454 0.71875
0 0.32589 0.780822 0.0435616 0.122309 0.835449
0 0.120685 0.936399 0.0824658 0.127202 0.88623
