0 0.396986 0.635029 0.0131507 0.0489237 0.101868
0 0.422055 0.669521 0.0117808 0.0229941 0.111206
0 0.396301 0.659491 0.0161644 0.0978474 0.126831
0 0.508767 0.768591 0.0115068 0.0234834 0.13501
0 0.0208219 0.778131 0.0416438 0.0396282 0.142822
0 0.345616 0.553082 0.0106849 0.026908 0.144531
0 0.0147945 0.90362 0.029589 0.186888 0.148682
0 0.0147945 0.852006 0.0290411 0.0807241 0.199829
0 0.466712 0.678082 0.0243836 0.0479452 0.214722
0 0.299315 0.793787 0.115342 0.399706 0.228027
0 0.33137 0.664139 0.0523288 0.156067 0.255127
0 0.42726 0.674902 0.0221918 0.0337573 0.258057
0 0.316575 0.712084 0.0824658 0.244129 0.263428
0 0.0147945 0.828767 0.029589 0.0391389 0.298828
0 0.438904 0.648973 0.0213699 0.0200587 0.311768
0 0.199589 0.635519 0.039726 0.0303327 0.3396
0 0.419863 0.645303 0.0117808 0.0225049 0.42041
0 0.0739726 0.738748 0.142466 0.113503 0.424805
0 0.106027 0.723581 0.0657534 0.055773 0.45874
0 0.135753 0.683953 0.0556164 0.0410959 0.526855
0 0.327534 0.622309 0.0556164 0.0880626 0.557129
0 0.362055 0.820695 0.0249315 0.350783 0.578125
0 0.187397 0.645793 0.0663014 0.0489237 0.597656
0 0.403973 0.77544 0.0331507 0.231898 0.598145
0 0.240822 0.671967 0.0378082 0.0523483 0.625977
0 0.478082 0.735323 0.0126027 0.0577299 0.644043
0 0.436027 0.673924 0.0221918 0.0415851 0.649414
0 0.271507 0.88772 0.060274 0.218689 0.655762
0 0.418219 0.95181 0.0260274 0.0836595 0.805664
0 0.263699 0.619374 0.0490411 0.0508806 0.896973
0 0.498767 0.848826 0.0808219 0.184932 0.933105
