0 0.48137 0.738014 0.0317808 0.0611546 0.11438
0 0.450137 0.891389 0.00876712 0.0215264 0.120667
3 0.260274 0.589286 0.0734247 0.0689824 0.124939
0 0.200411 0.672701 0.0293151 0.0264188 0.130127
0 0.416712 0.791096 0.00767123 0.0176125 0.134155
0 0.448767 0.923924 0.0131507 0.0728963 0.140259
0 0.334931 0.56409 0.00849315 0.0244618 0.15332
0 0.210548 0.636742 0.0430137 0.0425636 0.158203
0 0.192603 0.651174 0.0767123 0.0616438 0.164307
0 0.0658904 0.747554 0.0309589 0.0303327 0.185303
0 0.476164 0.86228 0.00821918 0.045499 0.1875
0 0.404521 0.670499 0.00794521 0.0151663 0.204468
0 0.167808 0.667319 0.0665753 0.0489237 0.229248
3 0.291507 0.561399 0.0213699 0.0249511 0.242554
0 0.409178 0.866438 0.00958904 0.0479452 0.245117
0 0.317123 0.58635 0.0161644 0.0318004 0.256104
3 0.275205 0.57681 0.0517808 0.0577299 0.257324
0 0.43589 0.943249 0.0263014 0.107632 0.262695
0 0.427945 0.910714 0.0142466 0.045499 0.294189
0 0.43137 0.974315 0.0117808 0.047456 0.366699
0 0.486301 0.954256 0.0147945 0.0856164 0.424316
0 0.111507 0.706213 0.0580822 0.0435421 0.44751
0 0.0971233 0.721135 0.0863014 0.0704501 0.45874
3 0.455479 0.942025 0.0693151 0.114971 0.460693
0 0.453425 0.675391 0.0279452 0.0357143 0.584961
0 0.452603 0.784491 0.0142466 0.0435421 0.606934
0 0.393151 0.927348 0.0306849 0.114971 0.675293
0 0.560959 0.908757 0.0643836 0.116928 0.834961
0 0.393836 0.828767 0.0156164 0.0733855 0.835449
