0 0.430685 0.78547 0.0509589 0.203033 0.101318
0 0.0424658 0.891145 0.0230137 0.0337573 0.125488
3 0.44274 0.568249 0.0175342 0.0445205 0.151489
0 0.550822 0.911693 0.0468493 0.15998 0.192871
0 0.441918 0.569227 0.0153425 0.0445205 0.210205
0 0.14589 0.768102 0.030411 0.0332681 0.213379
1 0.306849 0.620842 0.225205 0.0293542 0.218506
0 0.0552055 0.877446 0.0479452 0.0582192 0.218628
0 0.441096 0.840998 0.0367123 0.0851272 0.27002
0 0.131096 0.78547 0.0594521 0.0670254 0.338135
0 0.44726 0.648728 0.0227397 0.0733855 0.456299
0 0.416301 0.72456 0.0210959 0.0616438 0.523438
0 0.59274 0.935176 0.0616438 0.118885 0.535645
0 0.48726 0.936155 0.0315068 0.113014 0.645996
0 0.428082 0.668297 0.0156164 0.0577299 0.65332
3 0.51411 0.838063 0.14274 0.300391 0.77002
