0 0.404749 0.639882 0.0139995 0.0391965 0.107361
0 0.418748 0.715826 0.0123525 0.0391965 0.110474
0 0.326928 0.599706 0.0554488 0.0813327 0.11554
0 0.423552 0.806467 0.0307439 0.347869 0.123779
0 0.344222 0.67075 0.0164699 0.0401764 0.124573
2 0.105819 0.908868 0.0491353 0.0313572 0.129272
0 0.431101 0.689368 0.0101565 0.0391965 0.150879
0 0.3423 0.576188 0.0439198 0.0607545 0.151978
0 0.0380181 0.741058 0.0760362 0.0651641 0.213989
0 0.42314 0.805488 0.0200384 0.0940715 0.226074
0 0.433159 0.875061 0.0384299 0.249878 0.253174
0 0.279303 0.883146 0.0343124 0.131798 0.312256
2 0.151523 0.850318 0.0356849 0.0377266 0.31543
0 0.416278 0.675159 0.0343124 0.11073 0.352051
0 0.441806 0.938266 0.0326654 0.122489 0.501953
