2 0.159041 0.87182 0.0238356 0.0303327 0.105957
2 0.291644 0.651663 0.0106849 0.0146771 0.112366
0 0.347397 0.574364 0.0153425 0.0234834 0.113647
0 0.410822 0.626957 0.0106849 0.0210372 0.11908
0 0.354247 0.552348 0.0367123 0.0596869 0.119873
0 0.336986 0.575342 0.0306849 0.0381605 0.128174
0 0.329178 0.584883 0.0194521 0.026908 0.157471
0 0.449452 0.748532 0.0134247 0.090998 0.161865
2 0.298219 0.646526 0.02 0.0229941 0.27002
0 0.151644 0.88772 0.120274 0.196184 0.298096
2 0.399726 0.59638 0.0131507 0.018591 0.35498
