0 0.301949 0.581088 0.012078 0.022538 0.108154
0 0.142465 0.714356 0.0565468 0.0548751 0.142578
0 0.0177052 0.810632 0.0354104 0.0416463 0.148193
0 0.0345869 0.796668 0.0680758 0.0578148 0.152832
0 0.409964 0.689858 0.0211364 0.0930916 0.156006
0 0.147955 0.771191 0.0966237 0.117589 0.18457
0 0.264205 0.679814 0.0370574 0.0347869 0.197876
0 0.168405 0.743263 0.0590173 0.0695737 0.207397
0 0.0721933 0.859383 0.144387 0.177364 0.214478
0 0.0450178 0.896374 0.0894867 0.121999 0.237305
3 0.410102 0.645272 0.0312929 0.174424 0.287598
0 0.08084 0.810142 0.0754872 0.0592847 0.348389
3 0.0960747 0.83709 0.192149 0.244488 0.356934
0 0.409964 0.647722 0.0293714 0.173444 0.632812
0 0.355888 0.829495 0.0496843 0.143067 0.890137
