0 0.20589 0.596869 0.0156164 0.0166341 0.100037
0 0.252329 0.598092 0.00712329 0.0132094 0.103699
0 0.217397 0.575098 0.0156164 0.0181018 0.104919
0 0.362603 0.719423 0.0293151 0.125734 0.111877
1 0.353288 0.64726 0.0320548 0.0303327 0.11676
0 0.322466 0.621331 0.00493151 0.0156556 0.134521
1 0.365479 0.675147 0.0361644 0.0420744 0.14563
0 0.282466 0.575342 0.00986301 0.0215264 0.150391
1 0.377945 0.63454 0.0326027 0.0156556 0.153198
0 0.339589 0.667074 0.0161644 0.0435421 0.174316
0 0.365068 0.640656 0.00739726 0.0210372 0.18042
0 0.347397 0.616438 0.010411 0.035225 0.185547
0 0.362877 0.602984 0.0106849 0.0200587 0.208496
0 0.363014 0.676859 0.0339726 0.045499 0.285156
0 0.287945 0.601517 0.00931507 0.0200587 0.31958
0 0.346712 0.66365 0.0276712 0.0523483 0.330566
0 0.279589 0.564824 0.0150685 0.0376712 0.388184
0 0.444658 0.780577 0.0175342 0.0611546 0.444336
0 0.358904 0.735812 0.0147945 0.0958904 0.519531
0 0.418767 0.883072 0.0249315 0.221135 0.538574
0 0.272192 0.614237 0.0150685 0.0327789 0.597656
0 0.392603 0.723581 0.029589 0.114481 0.668945
0 0.413288 0.716977 0.030411 0.101272 0.701172
0 0.38411 0.823141 0.0169863 0.0924658 0.732422
0 0.218219 0.651663 0.0309589 0.0489237 0.779785
