0 0.430411 0.886742 0.0317808 0.203033 0.107788
0 0.384247 0.829256 0.0249315 0.110568 0.109314
0 0.456301 0.805528 0.0369863 0.171722 0.111206
0 0.216849 0.743395 0.0435616 0.0748532 0.113159
0 0.413562 0.644814 0.0145205 0.0303327 0.117432
0 0.336164 0.575832 0.00657534 0.00782779 0.121338
0 0.496575 0.918542 0.0419178 0.146282 0.124451
0 0.343973 0.558464 0.02 0.0327789 0.132324
3 0.392877 0.593444 0.0213699 0.0655577 0.137207
1 0.426986 0.700587 0.0347945 0.0225049 0.152954
0 0.226575 0.60592 0.0493151 0.0376712 0.162964
0 0.22589 0.732632 0.0282192 0.0533268 0.163818
0 0.408219 0.636008 0.0136986 0.0391389 0.167603
0 0.357671 0.567025 0.00575342 0.0136986 0.176636
0 0.349452 0.550636 0.0117808 0.0200587 0.206787
0 0.461918 0.976027 0.0153425 0.0381605 0.243652
3 0.396986 0.627691 0.0383562 0.133072 0.26709
0 0.195616 0.773239 0.0887671 0.133562 0.267822
0 0.233699 0.717955 0.0126027 0.0249511 0.34668
0 0.439041 0.69227 0.0194521 0.0547945 0.370117
0 0.0206849 0.765166 0.0408219 0.0459883 0.482178
2 0.396438 0.723826 0.0180822 0.0278865 0.512695
0 0.365479 0.620842 0.00876712 0.0264188 0.536621
0 0.397945 0.663405 0.0167123 0.0616438 0.546387
3 0.433562 0.840509 0.165205 0.306262 0.608398
0 0.366164 0.928816 0.0254795 0.132583 0.720215
