0 0.375479 0.617661 0.00630137 0.0151663 0.106873
0 0.160685 0.689579 0.0868493 0.0591977 0.108826
0 0.362329 0.580724 0.0112329 0.0156556 0.117859
0 0.324384 0.567515 0.00821918 0.0215264 0.121765
0 0.357671 0.558464 0.0090411 0.0171233 0.130127
0 0.318082 0.569961 0.0126027 0.0234834 0.143433
0 0.36726 0.624755 0.00575342 0.0136986 0.151733
0 0.364931 0.565313 0.00767123 0.0210372 0.155518
0 0.163288 0.795499 0.272877 0.392368 0.169067
0 0.299589 0.557975 0.0183562 0.0190802 0.177002
0 0.326164 0.54183 0.0090411 0.0239726 0.213135
0 0.362466 0.56091 0.0131507 0.026908 0.321777
0 0.313425 0.59589 0.00931507 0.0195695 0.353027
0 0.0521918 0.809687 0.104384 0.144814 0.371826
0 0.369178 0.602006 0.0183562 0.0435421 0.45459
0 0.357123 0.638209 0.0210959 0.026908 0.533691
2 0.400822 0.642857 0.0356164 0.0176125 0.543457
2 0.377397 0.725783 0.0331507 0.0259295 0.624023
0 0.113151 0.876223 0.168219 0.239726 0.707031
0 0.0732877 0.713307 0.0906849 0.0636008 0.709961
0 0.325479 0.616928 0.0219178 0.0401174 0.833984
