1 0.423973 0.644325 0.0293151 0.0127202 0.118286
0 0.408493 0.608611 0.0136986 0.0489237 0.121216
2 0.440274 0.566781 0.0219178 0.0112524 0.131104
0 0.38726 0.522749 0.00684932 0.0210372 0.154175
0 0.394795 0.540851 0.0060274 0.0190802 0.159546
0 0.419726 0.888454 0.0405479 0.213307 0.173706
2 0.803699 0.634785 0.040274 0.0337573 0.174805
2 0.0684932 0.690313 0.0328767 0.0156556 0.243286
2 0.769589 0.940313 0.0263014 0.0293542 0.245117
0 0.581096 0.909002 0.0712329 0.162427 0.288574
0 0.45411 0.605431 0.0320548 0.0376712 0.303711
2 0.467808 0.616438 0.0161644 0.0127202 0.330811
1 0.436849 0.643836 0.0386301 0.0127202 0.408936
0 0.412603 0.626468 0.0241096 0.0797456 0.416504
2 0.527397 0.70499 0.0547945 0.0401174 0.557129
0 0.42 0.677348 0.0131507 0.0445205 0.702148
3 0.842329 0.92637 0.306575 0.14726 0.713867
3 0.479041 0.889677 0.156986 0.210861 0.898926
