1 0.377162 0.61563 0.0334889 0.0132288 0.101929
1 0.424787 0.660216 0.0848202 0.0436061 0.104309
0 0.481883 0.627634 0.00960747 0.022538 0.1073
0 0.324732 0.591132 0.0340379 0.0269476 0.110107
0 0.385259 0.587702 0.0123525 0.0142087 0.113159
1 0.318831 0.71656 0.0381554 0.022048 0.115906
0 0.38622 0.649192 0.0247049 0.0705537 0.117981
0 0.304694 0.689858 0.011529 0.0323371 0.125732
1 0.268597 0.665605 0.188581 0.0396864 0.126953
0 0.448257 0.616854 0.0208619 0.0480157 0.133179
1 0.143426 0.771436 0.286851 0.0759432 0.140991
0 0.0710953 0.939245 0.0153719 0.0293974 0.199219
0 0.399122 0.628123 0.0527038 0.101911 0.205322
0 0.422042 0.714356 0.0118035 0.0391965 0.268799
0 0.444414 0.56002 0.013725 0.0244978 0.27002
0 0.462394 0.574963 0.0194894 0.0298873 0.289062
1 0.0680758 0.753797 0.12078 0.0436061 0.294434
0 0.336261 0.971338 0.0175679 0.0573248 0.313965
3 0.489569 0.807202 0.110623 0.339539 0.336426
0 0.455119 0.930426 0.0576448 0.0803528 0.341309
0 0.404749 0.906173 0.00960747 0.0387065 0.383057
0 0.413258 0.593337 0.0337634 0.0421362 0.388428
0 0.141779 0.736159 0.0189404 0.0289074 0.423828
0 0.97804 0.44929 0.0428219 0.103871 0.441406
0 0.455257 0.597501 0.0337634 0.0749633 0.451416
0 0.0477628 0.872366 0.0955257 0.191573 0.461182
1 0.409415 0.666585 0.0557233 0.0289074 0.462646
0 0.432885 0.94537 0.0142739 0.0573248 0.476562
1 0.173621 0.82925 0.224266 0.0592847 0.478516
0 0.360829 0.841744 0.0463903 0.313572 0.492676
0 0.335712 0.642822 0.0609388 0.0607545 0.592285
0 0.489157 0.807202 0.105408 0.33758 0.629883
0 0.370574 0.589662 0.0389789 0.0289074 0.650879
1 0.191189 0.796178 0.348339 0.103871 0.719238
0 0.155092 0.872856 0.0559978 0.066144 0.726074
0 0.162092 0.952229 0.0535273 0.0906418 0.849121
