0 0.405753 0.691292 0.0339726 0.0479452 0.110596
0 0.281507 0.651663 0.0528767 0.0410959 0.111084
0 0.297808 0.625245 0.0454795 0.0636008 0.130615
0 0.44411 0.633317 0.0120548 0.0347358 0.181885
0 0.404521 0.598826 0.02 0.0577299 0.192749
0 0.364931 0.542564 0.0126027 0.0156556 0.199097
0 0.573699 0.848092 0.070137 0.126712 0.284668
0 0.25 0.699119 0.0715069 0.103718 0.329102
3 0.403836 0.597847 0.0219178 0.055773 0.348877
0 0.312192 0.613014 0.0167123 0.0420744 0.431885
0 0.398904 0.685665 0.0191781 0.0386497 0.486328
0 0.317397 0.665362 0.0216438 0.0401174 0.742188
