0 0.322948 0.581578 0.0139995 0.0342969 0.109924
0 0.340104 0.648702 0.0203129 0.089172 0.125244
0 0.343398 0.629103 0.0488608 0.125429 0.145142
0 0.325007 0.714601 0.0230579 0.0436061 0.145874
0 0.329124 0.689613 0.0301949 0.0828025 0.151245
0 0.296596 0.959579 0.0332144 0.0808427 0.154419
0 0.310596 0.609505 0.0211364 0.0401764 0.161743
0 0.196267 0.802793 0.194345 0.384615 0.198853
0 0.231814 0.612935 0.0238814 0.0382166 0.203735
0 0.356986 0.633268 0.0271754 0.0279275 0.210815
1 0.237304 0.874816 0.105682 0.0259677 0.222046
0 0.33832 0.66732 0.0156464 0.0499755 0.253662
0 0.325419 0.748408 0.0304694 0.1073 0.26001
0 0.461845 0.721705 0.0458413 0.0764331 0.264404
0 0.23401 0.747428 0.125446 0.272905 0.328857
1 0.129289 0.722685 0.106506 0.0264576 0.366455
0 0.12174 0.809407 0.0870162 0.0911318 0.37915
0 0.0483118 0.775845 0.0966237 0.120039 0.486084
0 0.346418 0.582803 0.012078 0.0269476 0.48999
0 0.30538 0.915973 0.0480373 0.168055 0.541992
0 0.470354 0.736894 0.0288224 0.0460559 0.638672
