3 0.481609 0.88633 0.0672523 0.22734 0.118042
0 0.584546 0.982607 0.0233324 0.0347869 0.127563
0 0.447433 0.540176 0.0175679 0.0289074 0.150269
0 0.464041 0.792504 0.0826242 0.191573 0.150879
0 0.252402 0.662175 0.0809772 0.0818226 0.178223
0 0.385946 0.736159 0.0186659 0.0818226 0.181152
0 0.446884 0.827536 0.0444688 0.118569 0.183105
0 0.460747 0.867957 0.0123525 0.0465458 0.189941
3 0.368927 0.628123 0.0472138 0.119549 0.197876
0 0.404749 0.655561 0.0365084 0.193043 0.218506
0 0.349575 0.562714 0.0304694 0.0289074 0.253662
0 0.391847 0.710436 0.0277244 0.124449 0.294922
0 0.435493 0.730524 0.0249794 0.0636943 0.295654
0 0.496843 0.889025 0.0345869 0.22195 0.354004
0 0.428905 0.617589 0.0123525 0.0416463 0.355713
0 0.443041 0.546301 0.00823497 0.0166585 0.369873
0 0.457315 0.699167 0.0252539 0.131308 0.428223
0 0.393632 0.874326 0.0219599 0.251347 0.443359
0 0.461982 0.737874 0.0181169 0.0656541 0.443604
0 0.451551 0.657276 0.013725 0.0465458 0.600098
0 0.309635 0.685693 0.0252539 0.0514454 0.622559
0 0.367691 0.633758 0.0419984 0.11416 0.629395
0 0.237442 0.677854 0.0488608 0.0494855 0.784668
