0 0.396027 0.571429 0.00849315 0.0156556 0.100647
0 0.399589 0.584638 0.00630137 0.00782779 0.112549
0 0.261918 0.67637 0.0405479 0.0435421 0.117371
1 0.260137 0.654354 0.0468493 0.0122309 0.127686
1 0.377397 0.608121 0.0391781 0.0166341 0.152222
0 0.298493 0.627935 0.0375342 0.0523483 0.156616
0 0.397397 0.568004 0.00630137 0.0146771 0.156738
0 0.0912329 0.7341 0.0432877 0.0337573 0.158936
0 0.405479 0.551859 0.00767123 0.0205479 0.192627
1 0.394521 0.638943 0.0383562 0.0146771 0.222412
0 0.102603 0.725783 0.0216438 0.0181018 0.405029
0 0.406712 0.672211 0.0183562 0.0381605 0.620117
0 0.0371233 0.783513 0.0682192 0.0582192 0.768555
0 0.17726 0.666096 0.0630137 0.0523483 0.863281
0 0.277808 0.845646 0.109589 0.300881 0.883301
0 0.428219 0.835616 0.089863 0.318982 0.913574
0 0.171918 0.777397 0.133973 0.168297 0.932129
