0 0.300685 0.557485 0.0117808 0.0249511 0.104248
1 0.413562 0.795988 0.225479 0.0450098 0.111206
1 0.27589 0.693493 0.363288 0.0366928 0.128418
1 0.213014 0.760763 0.341644 0.0479452 0.144897
0 0.120274 0.687867 0.0306849 0.0283757 0.154175
0 0.584931 0.896037 0.0186301 0.0748532 0.170532
0 0.50589 0.868151 0.0408219 0.0768102 0.172363
1 0.228493 0.805284 0.0476712 0.0156556 0.17749
0 0.579589 0.878914 0.0293151 0.0914873 0.193481
0 0.0809589 0.715998 0.0408219 0.0357143 0.219238
1 0.365342 0.791341 0.331781 0.0748532 0.228638
0 0.19411 0.633072 0.0161644 0.0146771 0.262451
1 0.412877 0.763699 0.116164 0.0234834 0.271973
1 0.365479 0.928082 0.0471233 0.0195695 0.28125
0 0.113151 0.826321 0.0964384 0.130137 0.291016
1 0.263425 0.777153 0.452329 0.082681 0.460938
0 0.256986 0.56409 0.0153425 0.0283757 0.540527
0 0.148493 0.668542 0.0553425 0.0435421 0.65332
0 0.295205 0.623288 0.0139726 0.0225049 0.713379
0 0.0910959 0.704501 0.0594521 0.055773 0.715332
0 0.0787671 0.870352 0.157534 0.220157 0.761719
0 0.228904 0.725783 0.0463014 0.0503914 0.873047
0 0.338493 0.899217 0.0293151 0.190802 0.884277
