0 0.414795 0.710127 0.00547945 0.0161448 0.116638
1 0.315479 0.601027 0.153151 0.0190802 0.132446
0 0.411918 0.75636 0.00684932 0.0166341 0.132812
0 0.433288 0.976027 0.0123288 0.0381605 0.142578
0 0.383288 0.564335 0.0109589 0.0190802 0.169067
0 0.340548 0.566292 0.0115068 0.0181018 0.174805
0 0.406712 0.704256 0.0161644 0.0278865 0.179443
0 0.403288 0.698386 0.00931507 0.0181018 0.271729
0 0.455616 0.97774 0.0126027 0.0366928 0.389893
0 0.394247 0.596869 0.00986301 0.0313112 0.608887
0 0.390137 0.732632 0.00821918 0.0357143 0.633301
3 0.399452 0.647994 0.0169863 0.0445205 0.75293
0 0.479315 0.95181 0.0336986 0.0856164 0.910156
