0 0.365205 0.5932 0.00821918 0.0112524 0.107361
0 0.368219 0.59907 0.0131507 0.0220157 0.117249
0 0.37274 0.57363 0.00739726 0.0190802 0.131348
0 0.383699 0.58953 0.00739726 0.0166341 0.136108
0 0.25274 0.612035 0.0747945 0.072407 0.140503
0 0.278493 0.685176 0.00739726 0.0141879 0.14209
0 0.376986 0.559687 0.0131507 0.0313112 0.164551
0 0.321507 0.635274 0.00739726 0.0112524 0.186157
0 0.230685 0.761252 0.0180822 0.0332681 0.204346
0 0.30274 0.639432 0.0158904 0.0391389 0.208008
0 0.269315 0.717955 0.0126027 0.0161448 0.215088
0 0.178493 0.674658 0.110959 0.0949119 0.235596
0 0.33726 0.935176 0.0219178 0.0298434 0.274414
0 0.299315 0.678816 0.00958904 0.0141879 0.28125
0 0.253014 0.758072 0.0243836 0.028865 0.300293
0 0.230137 0.636742 0.0389041 0.0366928 0.311768
0 0.278082 0.594912 0.0317808 0.0401174 0.312744
1 0.336986 0.934198 0.0224658 0.0298434 0.313477
0 0.376027 0.651663 0.00684932 0.0234834 0.313721
0 0.247945 0.761497 0.0153425 0.0210372 0.325439
0 0.217945 0.796477 0.0210959 0.0332681 0.325684
0 0.160411 0.691781 0.069863 0.0567515 0.557617
0 0.373562 0.971624 0.0150685 0.0489237 0.590332
0 0.166849 0.97456 0.0230137 0.0401174 0.603516
0 0.222466 0.77911 0.0306849 0.0670254 0.686035
0 0.395616 0.623777 0.00931507 0.037182 0.697266
0 0.226986 0.825342 0.0249315 0.053816 0.753418
0 0.0619178 0.757583 0.123836 0.110078 0.765625
3 0.398219 0.812133 0.120822 0.310176 0.839355
