0 0.294675 0.596276 0.0376064 0.0284174 0.112671
3 0.466099 0.621999 0.0258029 0.11024 0.116638
0 0.528411 0.947085 0.00878397 0.0431161 0.12323
0 0.524842 0.789809 0.0263519 0.0636943 0.131958
0 0.572742 0.859383 0.0233324 0.0538951 0.149048
0 0.177601 0.676384 0.0307439 0.0200882 0.158569
0 0.438649 0.747673 0.0307439 0.11661 0.179321
0 0.29193 0.873101 0.0760362 0.242038 0.18457
0 0.305929 0.793484 0.0513313 0.0906418 0.189941
0 0.50151 0.748898 0.0378809 0.128858 0.205444
3 0.461158 0.595786 0.0290969 0.0636943 0.209106
0 0.248422 0.66683 0.0225089 0.022538 0.213501
3 0.43014 0.723175 0.0614878 0.165605 0.216187
0 0.45759 0.729789 0.0186659 0.105341 0.221313
0 0.402827 0.715826 0.0178424 0.077413 0.222656
0 0.50151 0.695737 0.0301949 0.0725135 0.250732
0 0.540077 0.905194 0.0194894 0.101421 0.26123
0 0.0233324 0.759677 0.0466648 0.0700637 0.278809
3 0.425336 0.824106 0.0936042 0.346889 0.322998
0 0.394043 0.901029 0.0321164 0.179324 0.399902
0 0.317321 0.604606 0.0697228 0.0401764 0.458008
0 0.203267 0.684468 0.0826242 0.0705537 0.474121
0 0.365495 0.582803 0.0430963 0.0396864 0.498779
0 0.584957 0.885105 0.0477628 0.10828 0.53125
0 0.450178 0.901029 0.0290969 0.188143 0.567383
0 0.365907 0.71656 0.0307439 0.0955414 0.59082
0 0.248147 0.756737 0.0488608 0.0612445 0.598145
0 0.179934 0.702352 0.0392534 0.0367467 0.607422
0 0.533626 0.790299 0.0225089 0.0529152 0.620605
0 0.181169 0.836355 0.0570958 0.10779 0.653809
0 0.271754 0.923812 0.0323909 0.142577 0.799316
0 0.580977 0.933121 0.0381554 0.11318 0.887207
