0 0.419178 0.544765 0.00767123 0.0112524 0.101257
1 0.303836 0.619863 0.0805479 0.0273973 0.103271
0 0.501918 0.698386 0.0235616 0.0484344 0.172729
0 0.448493 0.52544 0.00821918 0.0225049 0.187134
0 0.44137 0.747309 0.0263014 0.0298434 0.195923
0 0.228219 0.931751 0.0432877 0.114971 0.213867
3 0.449041 0.52544 0.00876712 0.0234834 0.233154
0 0.334931 0.675636 0.0161644 0.0254403 0.235718
1 0.48726 0.774217 0.117534 0.082681 0.23645
0 0.356438 0.625245 0.0515069 0.0792564 0.255859
0 0.504384 0.793542 0.0284932 0.0489237 0.270508
1 0.519041 0.797456 0.0583562 0.0499022 0.314209
0 0.450137 0.563356 0.00767123 0.0278865 0.331543
0 0.274384 0.763209 0.116986 0.193738 0.355469
0 0.185479 0.930039 0.070137 0.127202 0.386475
0 0.242466 0.825342 0.183562 0.336595 0.386475
0 0.214521 0.963796 0.0153425 0.053816 0.494141
0 0.393288 0.571429 0.0210959 0.0254403 0.561035
0 0.472466 0.71453 0.0106849 0.028865 0.577148
0 0.239315 0.907779 0.02 0.0650685 0.598145
