0 0.136027 0.710616 0.0375342 0.0337573 0.106201
0 0.0282192 0.82045 0.0547945 0.0450098 0.14978
0 0.247808 0.642123 0.010137 0.0112524 0.161621
0 0.392877 0.519569 0.00876712 0.0156556 0.182373
0 0.323973 0.578033 0.00684932 0.0122309 0.200317
0 0.293014 0.660959 0.0249315 0.0391389 0.2323
0 0.328356 0.59638 0.00849315 0.0127202 0.266846
0 0.258082 0.620597 0.0306849 0.026908 0.320801
0 0.301233 0.591243 0.0479452 0.026908 0.500488
0 0.283973 0.604941 0.0824658 0.0513699 0.606445
0 0.406712 0.681262 0.010137 0.0386497 0.713867
0 0.399178 0.598092 0.010411 0.0298434 0.727539
0 0.423699 0.733855 0.0156164 0.0812133 0.782715
0 0.0784931 0.768591 0.152055 0.146771 0.79834
0 0.463699 0.682241 0.0506849 0.13454 0.800781
0 0.420411 0.648728 0.0150685 0.0469667 0.817383
0 0.342055 0.949853 0.030411 0.0905088 0.838867
0 0.441096 0.790851 0.0142466 0.066047 0.842773
0 0.443836 0.902887 0.0378082 0.17955 0.864258
