0 0.333014 0.602984 0.0090411 0.0132094 0.139038
0 0.393014 0.63772 0.06 0.0680039 0.169189
0 0.40411 0.54183 0.00767123 0.0171233 0.241943
0 0.415342 0.678082 0.109041 0.16047 0.318848
0 0.311233 0.646526 0.0273973 0.0406067 0.329102
0 0.413151 0.627202 0.0136986 0.0244618 0.47583
0 0.378219 0.631605 0.0342466 0.0606654 0.600586
0 0.43726 0.707681 0.0652055 0.100294 0.644531
0 0.283562 0.704012 0.0778082 0.139922 0.816895
0 0.28274 0.828278 0.109041 0.324853 0.84375
0 0.423425 0.879892 0.0380822 0.23728 0.88623
