1 0.244384 0.856898 0.230137 0.28229 0.105896
3 0.105616 0.796233 0.0621918 0.0601761 0.108765
0 0.558082 0.871575 0.0334247 0.104207 0.110107
3 0.0813699 0.950832 0.12 0.0973581 0.12262
1 0.44863 0.739237 0.166301 0.0215264 0.132446
2 0.295616 0.900196 0.0208219 0.0244618 0.149414
0 0.185205 0.78816 0.0246575 0.0342466 0.158081
0 0.0361644 0.973337 0.0290411 0.0278865 0.208496
1 0.359041 0.730186 0.336712 0.0396282 0.302979
0 0.124247 0.865704 0.0309589 0.0494129 0.386719
0 0.0409589 0.934198 0.0260274 0.0259295 0.445068
3 0.242329 0.862769 0.228219 0.274462 0.733398
