1 0.409004 0.703332 0.0356849 0.0279275 0.111633
0 0.0487236 0.854973 0.0370574 0.0391965 0.115234
0 0.0997804 0.832925 0.0474883 0.066634 0.121277
0 0.0133132 0.914013 0.0266264 0.0749633 0.123718
0 0.0193522 0.885595 0.0387044 0.0377266 0.153809
0 0.152484 0.756247 0.0354104 0.0308672 0.159058
0 0.141504 0.768741 0.0557233 0.0568349 0.186401
0 0.0768597 0.822636 0.0548998 0.0460559 0.197144
0 0.0894867 0.789319 0.0548998 0.0489956 0.213501
0 0.0199012 0.841989 0.0398024 0.0494855 0.257568
0 0.116937 0.810632 0.0867417 0.1073 0.362793
0 0.239226 0.942675 0.0200384 0.0313572 0.40918
0 0.192698 0.853013 0.0258029 0.0421362 0.434082
0 0.289734 0.673689 0.0321164 0.0627144 0.513672
0 0.394043 0.657276 0.0343124 0.10926 0.521484
0 0.199012 0.974032 0.0192149 0.0450759 0.725098
0 0.333242 0.78344 0.0318419 0.0715336 0.773438
0 0.370299 0.7244 0.0175679 0.0681039 0.777344
