0 0.394181 0.615875 0.00878397 0.0186183 0.100098
0 0.197777 0.771926 0.140818 0.204312 0.14563
0 0.395828 0.678589 0.013176 0.0264576 0.200439
0 0.366319 0.680794 0.0282734 0.117099 0.258301
1 0.336948 0.623714 0.19462 0.0323371 0.282227
0 0.394318 0.592847 0.0332144 0.0627144 0.295654
3 0.411337 0.772905 0.0458413 0.0975012 0.485107
0 0.388416 0.954189 0.0203129 0.0749633 0.535156
0 0.359868 0.713866 0.013725 0.0548751 0.586914
0 0.359456 0.902744 0.0249794 0.0906418 0.629883
0 0.208345 0.869917 0.111447 0.255267 0.697754
0 0.411337 0.772905 0.0474883 0.099461 0.759277
1 0.231677 0.824351 0.450727 0.0818226 0.786133
0 0.290832 0.680059 0.0414494 0.0872122 0.844727
0 0.0436453 0.907153 0.0872907 0.171975 0.897461
