0 0.079193 0.749388 0.0897612 0.0504655 0.130493
0 0.44112 0.595051 0.00713697 0.0151886 0.136597
0 0.0941532 0.737874 0.0587428 0.0362567 0.209106
0 0.0680758 0.797893 0.136152 0.11318 0.269775
0 0.253363 0.802303 0.0367829 0.0808427 0.354004
0 0.502882 0.800098 0.0334889 0.135228 0.374756
0 0.279028 0.718765 0.0469393 0.0793729 0.450439
0 0.176366 0.713131 0.104035 0.0837825 0.479248
0 0.313203 0.657521 0.0422729 0.0391965 0.522949
0 0.114741 0.760657 0.227285 0.191573 0.677734
0 0.270931 0.761881 0.0708207 0.166585 0.680664
0 0.456766 0.842234 0.0186659 0.0979912 0.845703
0 0.495608 0.931406 0.0266264 0.137188 0.847168
0 0.139995 0.913033 0.117486 0.162175 0.909668
0 0.405161 0.740078 0.0532528 0.143557 0.910645
