0 0.355202 0.670015 0.013725 0.0210681 0.101624
0 0.115701 0.744978 0.0897612 0.0504655 0.12146
0 0.406259 0.61416 0.00768597 0.0308672 0.129761
0 0.130113 0.792504 0.0258029 0.0436061 0.144409
0 0.236069 0.755757 0.113094 0.169035 0.156006
0 0.350673 0.566144 0.0112545 0.0132288 0.167114
0 0.1577 0.817981 0.0996431 0.0739833 0.173706
0 0.196816 0.706761 0.151523 0.121999 0.206665
0 0.330222 0.66634 0.0444688 0.0411563 0.22998
1 0.16868 0.805488 0.0842712 0.0470358 0.315186
0 0.347928 0.679079 0.0288224 0.0411563 0.31543
0 0.323223 0.594562 0.0167444 0.0200882 0.391846
0 0.388965 0.564429 0.00988197 0.0235179 0.39209
0 0.223717 0.684223 0.105408 0.0808427 0.459961
0 0.255284 0.728809 0.0779577 0.11318 0.485107
0 0.371672 0.690838 0.013176 0.0362567 0.5
0 0.361652 0.634248 0.0249794 0.0465458 0.541016
0 0.341889 0.654336 0.0645073 0.0818226 0.621582
0 0.062723 0.813572 0.104035 0.0916218 0.683105
0 0.0719187 0.894659 0.143288 0.149927 0.732422
0 0.295773 0.847379 0.121054 0.297403 0.901367
0 0.471727 0.88486 0.0403514 0.21852 0.905762
