0 0.410651 0.881921 0.0444688 0.236159 0.107666
0 0.248833 0.55414 0.0255284 0.0391965 0.117188
0 0.25199 0.676139 0.0225089 0.055855 0.174927
0 0.206149 0.674914 0.0384299 0.0514454 0.176636
0 0.383338 0.658746 0.0315674 0.127878 0.225342
0 0.214246 0.658746 0.0529783 0.0808427 0.225464
0 0.229893 0.703087 0.0546253 0.0832925 0.300781
0 0.37373 0.94537 0.0123525 0.0347869 0.308838
0 0.413258 0.616854 0.0150974 0.0323371 0.37207
3 0.290832 0.585007 0.0458413 0.101911 0.374268
0 0.229893 0.631308 0.0804282 0.129838 0.60791
0 0.218913 0.593827 0.0354104 0.0470358 0.634766
0 0.400769 0.806467 0.0658798 0.387065 0.646484
0 0.275597 0.669525 0.0181169 0.0367467 0.656738
0 0.146582 0.877511 0.136152 0.244978 0.673828
0 0.521685 0.863792 0.140269 0.255757 0.768555
0 0.431238 0.687898 0.0488608 0.0862322 0.852051
