0 0.272772 0.556757 0.00643564 0.014742 0.102844
0 0.271287 0.563145 0.00940594 0.0157248 0.109253
0 0.361015 0.836364 0.0606436 0.0638821 0.121887
0 0.237376 0.57715 0.00544554 0.0142506 0.156738
0 0.273886 0.547912 0.0101485 0.0137592 0.214966
1 0.316213 0.657494 0.0284653 0.0137592 0.216553
0 0.399134 0.939066 0.0294554 0.111057 0.274902
1 0.214356 0.753071 0.0658416 0.017199 0.310547
0 0.37698 0.899263 0.0777228 0.193612 0.494873
1 0.342079 0.724324 0.0415842 0.014742 0.51416
0 0.293193 0.638084 0.0121287 0.027027 0.522949
0 0.313738 0.718182 0.025495 0.11941 0.726562
0 0.114109 0.604177 0.0935644 0.0889435 0.76709
