0 0.362329 0.574609 0.00739726 0.0210372 0.106262
1 0.369315 0.598092 0.049863 0.0161448 0.109253
0 0.320137 0.611791 0.0145205 0.0112524 0.118225
0 0.511233 0.923924 0.0158904 0.0728963 0.118713
0 0.446712 0.664628 0.0194521 0.026908 0.119202
0 0.372055 0.560665 0.00821918 0.0107632 0.133423
0 0.400548 0.793542 0.0224658 0.0479452 0.143677
0 0.496849 0.913405 0.0413699 0.136008 0.151611
0 0.366712 0.547945 0.0161644 0.0136986 0.171265
0 0.486575 0.869129 0.0208219 0.0376712 0.187012
0 0.356164 0.584149 0.0186301 0.037182 0.244263
0 0.276438 0.588063 0.0230137 0.0215264 0.273438
0 0.560548 0.914873 0.00986301 0.0489237 0.291016
0 0.406438 0.613014 0.0112329 0.0215264 0.458008
0 0.467945 0.684442 0.0454795 0.0704501 0.585938
0 0.509863 0.977006 0.0136986 0.0381605 0.592773
0 0.396986 0.639432 0.0109589 0.0342466 0.624023
0 0.24726 0.641145 0.0731507 0.0425636 0.668945
0 0.375479 0.664139 0.0134247 0.0435421 0.784668
0 0.486438 0.812133 0.0534247 0.144814 0.802246
0 0.40726 0.704012 0.0249315 0.0802348 0.825684
