0 0.34134 0.597991 0.0211364 0.0298873 0.13916
0 0.401318 0.878491 0.0367829 0.0548751 0.14209
0 0.0595663 0.799363 0.117486 0.133758 0.149536
0 0.40667 0.600686 0.0112545 0.0293974 0.171021
0 0.358221 0.637678 0.0219599 0.0583048 0.249268
0 0.283969 0.601911 0.0227834 0.0259677 0.276123
0 0.186522 0.703822 0.0167444 0.0279275 0.294189
0 0.415043 0.643802 0.0159209 0.0264576 0.306885
0 0.326928 0.579618 0.0312929 0.0176384 0.335938
0 0.0326654 0.824596 0.0642328 0.0842724 0.347412
0 0.0914082 0.738854 0.0977217 0.0656541 0.438477
0 0.238677 0.648947 0.0562723 0.0494855 0.558105
1 0.273676 0.852033 0.167993 0.0382166 0.559082
0 0.365221 0.619304 0.0310184 0.0970113 0.607422
0 0.389377 0.957374 0.0167444 0.0783929 0.70752
0 0.167307 0.72489 0.0562723 0.0720235 0.723145
0 0.303047 0.60975 0.0258029 0.0279275 0.724609
0 0.390887 0.766291 0.0236069 0.0862322 0.730469
0 0.340791 0.730034 0.0376064 0.132288 0.800781
0 0.25501 0.962763 0.0433708 0.0715336 0.875
0 0.255833 0.729054 0.107055 0.181284 0.922852
