0 0.398219 0.774217 0.0128767 0.028865 0.104004
0 0.399726 0.696673 0.00821918 0.0136986 0.106812
0 0.418219 0.918542 0.0380822 0.159002 0.111572
0 0.388219 0.545744 0.00767123 0.0220157 0.116333
0 0.410411 0.856164 0.0230137 0.0381605 0.128662
0 0.390411 0.580724 0.00876712 0.0225049 0.156738
0 0.404384 0.852251 0.0131507 0.0313112 0.170898
0 0.41863 0.659736 0.0312329 0.115949 0.204224
0 0.168767 0.671477 0.0356164 0.026908 0.247803
0 0.387671 0.574609 0.010411 0.0327789 0.270264
0 0.420411 0.807485 0.0156164 0.0445205 0.299072
0 0.274795 0.581947 0.0268493 0.0249511 0.36792
0 0.0790411 0.736546 0.0260274 0.0210372 0.433594
0 0.183699 0.659736 0.0610959 0.0445205 0.58252
0 0.414795 0.632094 0.0246575 0.0636008 0.594727
0 0.408767 0.730675 0.0131507 0.0278865 0.602051
0 0.439863 0.772016 0.0117808 0.0401174 0.622559
0 0.422603 0.686644 0.0287671 0.0670254 0.622559
0 0.444247 0.852251 0.0205479 0.0704501 0.694336
0 0.409726 0.794031 0.0336986 0.0636008 0.702148
0 0.429452 0.929305 0.0183562 0.130626 0.757324
0 0.03 0.768102 0.06 0.0508806 0.782227
0 0.109452 0.706947 0.0747945 0.055773 0.849609
