1 0.101233 0.843689 0.196438 0.045499 0.140747
1 0.521918 0.871575 0.0389041 0.0220157 0.160156
0 0.0154795 0.883317 0.0309589 0.047456 0.168579
1 0.410411 0.755626 0.28 0.0357143 0.187012
1 0.060137 0.848337 0.106575 0.0244618 0.264893
0 0.462877 0.618885 0.0616438 0.103718 0.270996
1 0.422329 0.667319 0.0331507 0.0870842 0.276123
0 0.0831507 0.755871 0.0413699 0.0283757 0.285645
0 0.0143836 0.929061 0.0287671 0.134051 0.405273
0 0.619589 0.882339 0.129041 0.20499 0.634766
0 0.423151 0.668297 0.0331507 0.090998 0.729492
0 0.309315 0.633317 0.0580822 0.0856164 0.822266
0 0.116712 0.937622 0.0553425 0.114971 0.893066
