1 0.320066 0.842969 0.0680758 0.0377266 0.101807
0 0.0318419 0.841254 0.0631348 0.0715336 0.102905
0 0.345183 0.586232 0.0145484 0.0210681 0.116943
0 0.0204502 0.869917 0.0409004 0.0877021 0.145386
0 0.159072 0.930426 0.0705463 0.11563 0.147461
0 0.190365 0.682999 0.0617623 0.0568349 0.168213
0 0.208208 0.842969 0.1507 0.283684 0.196167
0 0.128328 0.737384 0.188032 0.165605 0.213257
0 0.246637 0.632043 0.0606643 0.0587947 0.300537
0 0.0975844 0.765801 0.12874 0.10583 0.34082
0 0.195306 0.729299 0.0551743 0.0759432 0.819824
0 0.387318 0.934101 0.0444688 0.11318 0.88623
