0 0.338595 0.573248 0.0524293 0.0460559 0.104309
0 0.13176 0.739343 0.0724677 0.0529152 0.107239
0 0.35479 0.579618 0.0277244 0.0480157 0.112427
0 0.229207 0.787114 0.0362339 0.0406663 0.123657
0 0.352457 0.780745 0.0658798 0.202352 0.126709
0 0.405161 0.618079 0.0175679 0.0759432 0.161987
0 0.414494 0.581823 0.00878397 0.0171485 0.1698
0 0.384985 0.564429 0.0189404 0.0264576 0.176514
0 0.243892 0.982607 0.0233324 0.0347869 0.177124
0 0.405023 0.634003 0.0123525 0.0470358 0.188354
0 0.3423 0.61122 0.0192149 0.033807 0.200562
0 0.426846 0.718765 0.0345869 0.166585 0.201782
0 0.323497 0.585497 0.0244304 0.0244978 0.202148
0 0.464864 0.848359 0.0238814 0.11514 0.204956
0 0.147955 0.965458 0.01098 0.0259677 0.258057
0 0.403102 0.601421 0.0129015 0.0347869 0.26416
1 0.555174 0.937531 0.0996431 0.0504655 0.293213
0 0.398847 0.677854 0.013176 0.0269476 0.307129
0 0.296184 0.914748 0.0323909 0.170505 0.313965
0 0.231814 0.982607 0.0255284 0.0347869 0.322266
0 0.428768 0.608525 0.0170189 0.0411563 0.352295
0 0.431375 0.685203 0.0222344 0.0975012 0.405518
0 0.156739 0.742283 0.0329399 0.0293974 0.413086
0 0.148504 0.787114 0.107055 0.067124 0.420166
1 0.520176 0.94537 0.166895 0.0641842 0.449219
0 0.376475 0.598971 0.0189404 0.0377266 0.550781
0 0.441806 0.939245 0.0205874 0.121509 0.633301
0 0.0612133 0.845664 0.106506 0.126409 0.640625
0 0.372632 0.634738 0.0200384 0.0416463 0.656738
0 0.423415 0.765311 0.0463903 0.0950514 0.677734
0 0.49849 0.901764 0.0499588 0.191573 0.681641
0 0.405298 0.841254 0.0156464 0.0627144 0.725098
1 0.148367 0.790054 0.110623 0.0602646 0.781738
1 0.147269 0.923567 0.250618 0.0646742 0.813965
1 0.275323 0.702352 0.267911 0.099461 0.813965
0 0.333928 0.83758 0.107329 0.324841 0.887695
