0 0.535685 0.785889 0.0293714 0.0480157 0.107422
0 0.56588 0.980157 0.0392534 0.0396864 0.108765
0 0.541449 0.796423 0.0183914 0.0357668 0.23938
0 0.530744 0.89368 0.0271754 0.164625 0.299805
0 0.3972 0.815532 0.013725 0.0475257 0.368408
0 0.241696 0.685693 0.13972 0.167075 0.54834
0 0.0871534 0.859383 0.174307 0.262616 0.678711
0 0.551743 0.903724 0.0702718 0.192553 0.684082
0 0.154268 0.790544 0.308537 0.384615 0.71875
0 0.399396 0.695247 0.0417239 0.188143 0.841797
0 0.479824 0.710926 0.0548998 0.123469 0.885742
0 0.415454 0.912298 0.0634093 0.172464 0.892578
