0 0.37277 0.559775 0.00988197 0.0200882 0.127441
0 0.0241559 0.852033 0.0483118 0.0734934 0.129883
0 0.370436 0.701372 0.0118035 0.0416463 0.152588
1 0.417513 0.673934 0.119133 0.0249878 0.175293
0 0.067115 0.790299 0.0354104 0.0401764 0.175415
0 0.425062 0.654826 0.0101565 0.0279275 0.182861
3 0.18515 0.926017 0.197914 0.146987 0.195557
0 0.433297 0.592847 0.0299204 0.0372366 0.211914
0 0.414768 0.624204 0.00823497 0.022538 0.257812
0 0.432885 0.67124 0.0258029 0.055855 0.259033
0 0.365633 0.661196 0.00878397 0.0534052 0.341309
0 0.411611 0.636453 0.0150974 0.0489956 0.35376
0 0.376201 0.563449 0.00796047 0.0166585 0.358398
2 0.344908 0.568349 0.0145484 0.022538 0.368652
0 0.0444688 0.812347 0.0801537 0.0813327 0.374268
0 0.187346 0.662175 0.0540763 0.0534052 0.397705
0 0.395553 0.596766 0.00768597 0.0195982 0.491455
0 0.102251 0.741058 0.103486 0.0857423 0.615723
0 0.356712 0.866242 0.0491353 0.267516 0.650879
0 0.364535 0.605341 0.011529 0.0416463 0.671875
0 0.44908 0.89221 0.0307439 0.214601 0.695312
0 0.423278 0.741303 0.0252539 0.0940715 0.740234
0 0.0997804 0.889515 0.0870162 0.128858 0.821289
