0 0.21507 0.644537 0.0211364 0.0367467 0.110474
0 0.275185 0.927976 0.0452923 0.139147 0.110718
0 0.175954 0.985791 0.0142739 0.0284174 0.123718
0 0.459237 0.872122 0.0142739 0.0215581 0.12854
0 0.473785 0.953209 0.0356849 0.0837825 0.13147
0 0.135191 0.72489 0.0172934 0.0308672 0.143066
0 0.439473 0.785399 0.0252539 0.0862322 0.146606
0 0.271205 0.813817 0.011529 0.055855 0.152954
0 0.230442 0.650906 0.0370574 0.0681039 0.15564
0 0.219462 0.677119 0.0200384 0.0244978 0.162231
0 0.319105 0.726115 0.0332144 0.124449 0.16272
0 0.152759 0.713866 0.0463903 0.0411563 0.165527
0 0.175954 0.899804 0.0252539 0.0700637 0.187622
0 0.466511 0.925282 0.0189404 0.0259677 0.189331
0 0.462805 0.908868 0.0614878 0.167565 0.205078
0 0.438512 0.845664 0.0123525 0.0411563 0.205444
0 0.284656 0.907153 0.0247049 0.0955414 0.20813
0 0.279303 0.71656 0.0436453 0.0788829 0.23999
0 0.472138 0.837825 0.0186659 0.0313572 0.242065
0 0.149327 0.686918 0.0406259 0.0382166 0.253906
0 0.0804282 0.757227 0.0592918 0.0583048 0.254395
0 0.0396651 0.755757 0.0716442 0.0583048 0.258789
0 0.464452 0.885595 0.0258029 0.0465458 0.300537
0 0.312792 0.768986 0.0227834 0.0357668 0.355469
0 0.433159 0.711416 0.0301949 0.212641 0.382568
0 0.30291 0.833415 0.0205874 0.0362567 0.383057
0 0.477766 0.979177 0.0277244 0.0367467 0.384766
0 0.267637 0.798628 0.0181169 0.0872122 0.394287
0 0.227422 0.761391 0.0288224 0.0685938 0.476562
0 0.445786 0.914013 0.0214109 0.0749633 0.511719
0 0.286714 0.886085 0.0200384 0.0543851 0.511719
0 0.418199 0.783929 0.0601153 0.0793729 0.518066
0 0.224266 0.900294 0.0735657 0.194512 0.522949
0 0.0776832 0.703087 0.0944277 0.0597746 0.556152
0 0.464864 0.6683 0.0238814 0.0538951 0.675781
0 0.260774 0.953209 0.0208619 0.0857423 0.677246
0 0.13272 0.962763 0.0365084 0.0695737 0.730957
0 0.194345 0.866242 0.0614878 0.137188 0.807617
0 0.564919 0.911318 0.0752127 0.165605 0.881836
