1 0.233324 0.718765 0.0955257 0.0470358 0.118591
1 0.350947 0.743998 0.147955 0.0249878 0.12854
1 0.33283 0.700882 0.13972 0.0240078 0.131226
0 0.403376 0.648947 0.0139995 0.0426262 0.131958
0 0.403102 0.601421 0.0123525 0.0377266 0.14209
1 0.364397 0.661685 0.0815262 0.0230279 0.155884
0 0.245951 0.713621 0.0801537 0.0602646 0.164551
0 0.393769 0.735914 0.0496843 0.0627144 0.165894
3 0.353418 0.609505 0.0425474 0.0636943 0.166992
1 0.394455 0.753307 0.0483118 0.033807 0.173584
0 0.271891 0.695247 0.0414494 0.0313572 0.182495
0 0.216442 0.733954 0.0639583 0.0401764 0.18457
0 0.368103 0.597256 0.013725 0.0342969 0.197388
1 0.397886 0.673934 0.152896 0.0249878 0.218628
0 0.396514 0.753552 0.0436453 0.033317 0.219849
1 0.358907 0.693043 0.250069 0.0426262 0.243652
0 0.232226 0.724155 0.0494098 0.0401764 0.277832
0 0.383475 0.711661 0.0301949 0.0524253 0.283447
1 0.158111 0.770946 0.129564 0.0426262 0.486328
3 0.335026 0.619059 0.0738402 0.0759432 0.493164
1 0.262147 0.828025 0.524293 0.0705537 0.547852
0 0.486275 0.699657 0.0194894 0.0489956 0.750488
0 0.403102 0.626654 0.0161954 0.0881921 0.791992
