1 0.100411 0.794765 0.147123 0.0366928 0.107788
1 0.29726 0.716243 0.235616 0.0420744 0.108154
0 0.199178 0.821429 0.0531507 0.0812133 0.115845
0 0.229452 0.616683 0.0545205 0.0523483 0.121155
2 0.222466 0.783268 0.0120548 0.0146771 0.121582
0 0.316164 0.664873 0.00821918 0.0215264 0.12561
0 0.309315 0.603474 0.0191781 0.0376712 0.126709
0 0.372055 0.695695 0.0158904 0.0499022 0.13269
0 0.439178 0.697407 0.0164384 0.0376712 0.136475
3 0.416712 0.88136 0.111233 0.20499 0.137451
0 0.176712 0.923679 0.0339726 0.0714286 0.13855
1 0.49589 0.964775 0.069589 0.035225 0.141113
3 0.377671 0.703278 0.030411 0.12182 0.143921
2 0.413425 0.869129 0.0175342 0.0200587 0.171997
0 0.374795 0.712818 0.0224658 0.106654 0.173462
0 0.392055 0.623288 0.0126027 0.0146771 0.177246
1 0.179863 0.972603 0.355342 0.0450098 0.189819
0 0.178219 0.866928 0.0819178 0.169276 0.191895
1 0.45863 0.96135 0.139178 0.0401174 0.19458
2 0.554247 0.671233 0.0509589 0.0225049 0.219482
1 0.273973 0.727251 0.198904 0.026908 0.236572
1 0.609315 0.9682 0.0213699 0.0450098 0.237549
3 0.216027 0.628669 0.0375342 0.0381605 0.239502
0 0.215753 0.628669 0.0375342 0.037182 0.240234
1 0.449452 0.777642 0.0660274 0.0220157 0.263916
0 0.154521 0.911448 0.0421918 0.0753425 0.273438
0 0.324658 0.615215 0.00986301 0.0445205 0.282959
0 0.393288 0.639432 0.0156164 0.0459883 0.293945
1 0.059589 0.97089 0.119178 0.0366928 0.320068
1 0.293699 0.777887 0.248767 0.0401174 0.330078
1 0.488904 0.766145 0.147123 0.0479452 0.348877
2 0.418493 0.89726 0.0309589 0.0264188 0.352295
0 0.393836 0.651419 0.0150685 0.0210372 0.364014
2 0.412877 0.922211 0.0520548 0.0831703 0.366455
0 0.233699 0.856409 0.0536986 0.101272 0.396484
1 0.337123 0.86546 0.0961644 0.0225049 0.505859
2 0.511644 0.665607 0.0578082 0.0278865 0.562988
