0 0.0720548 0.757094 0.0389041 0.0366928 0.103333
3 0.149041 0.912182 0.0619178 0.108121 0.111389
2 0.395479 0.670988 0.0145205 0.0112524 0.117493
1 0.396986 0.671477 0.0186301 0.0122309 0.127563
2 0.150685 0.914139 0.060274 0.113014 0.133179
0 0.315205 0.644325 0.049589 0.0753425 0.165527
0 0.347945 0.587084 0.0257534 0.0636008 0.250732
0 0.474795 0.683708 0.00931507 0.0347358 0.268799
0 0.533699 0.92955 0.0421918 0.131115 0.303711
0 0.0594521 0.771526 0.0613699 0.0616438 0.364746
2 0.358904 0.675391 0.0224658 0.026908 0.374512
0 0.219041 0.653865 0.0276712 0.0259295 0.58252
0 0.206712 0.935176 0.0210959 0.0278865 0.587891
3 0.145068 0.927838 0.148219 0.144325 0.608887
3 0.0287671 0.882339 0.0575342 0.135519 0.629395
0 0.213425 0.971624 0.0246575 0.0489237 0.761719
0 0.32589 0.620352 0.069863 0.123288 0.77832
