0 0.0936042 0.970603 0.0312929 0.0352768 0.103882
1 0.315262 0.733954 0.205051 0.0930916 0.112854
1 0.29742 0.689858 0.158935 0.0244978 0.163086
1 0.291243 0.700392 0.171287 0.0298873 0.28833
1 0.363711 0.743998 0.0889377 0.0837825 0.514648
0 0.36426 0.744978 0.0900357 0.0808427 0.627441
0 0.602114 0.926997 0.0683503 0.134248 0.751465
0 0.38924 0.603381 0.013176 0.0357668 0.785156
0 0.236206 0.914258 0.0321164 0.163645 0.850098
0 0.198188 0.865262 0.136701 0.259677 0.878418
0 0.446884 0.89221 0.0444688 0.207741 0.910645
