0 0.416575 0.592955 0.0326027 0.0665362 0.112366
1 0.313699 0.622798 0.235616 0.0254403 0.146851
0 0.404521 0.962084 0.0106849 0.045499 0.167236
0 0.402603 0.947407 0.0139726 0.0748532 0.366699
0 0.42411 0.606898 0.0169863 0.0435421 0.425781
0 0.198493 0.774706 0.0309589 0.0298434 0.497803
0 0.35137 0.598826 0.0336986 0.0410959 0.648926
0 0.397671 0.84956 0.0342466 0.0582192 0.679199
0 0.433836 0.802838 0.0260274 0.2818 0.763672
0 0.365479 0.952544 0.0158904 0.0870842 0.801758
0 0.0673973 0.936888 0.0926027 0.111546 0.834473
0 0.171096 0.827789 0.0868493 0.118395 0.878906
