0 0.17137 0.800881 0.0156164 0.0176125 0.103577
2 0.298082 0.761742 0.019726 0.0244618 0.120728
0 0.555753 0.860568 0.0342466 0.108611 0.126221
0 0.290959 0.832681 0.0191781 0.0322896 0.127563
3 0.46274 0.587329 0.0273973 0.0748532 0.142822
0 0.486712 0.683953 0.0424658 0.110568 0.146362
0 0.150685 0.829256 0.0526027 0.0694716 0.188599
3 0.46 0.602495 0.019726 0.045499 0.195557
0 0.361781 0.629403 0.0528767 0.101272 0.222168
1 0.323699 0.762476 0.409041 0.0464775 0.271729
0 0.471918 0.646771 0.0150685 0.0410959 0.271729
1 0.418493 0.754403 0.228219 0.0313112 0.30127
3 0.460411 0.562867 0.0238356 0.0337573 0.351562
0 0.49863 0.716977 0.0175342 0.045499 0.369873
0 0.24726 0.888943 0.0364384 0.0714286 0.414795
3 0.248767 0.816047 0.0805479 0.0772994 0.517578
2 0.326164 0.696184 0.0287671 0.0225049 0.638672
