0 0.416986 0.545254 0.00986301 0.0112524 0.108826
1 0.19589 0.979452 0.161096 0.0401174 0.15332
1 0.380548 0.825587 0.0728767 0.0680039 0.187256
0 0.243288 0.779843 0.060274 0.105675 0.196411
1 0.240137 0.878425 0.10274 0.0963796 0.359131
1 0.241781 0.986546 0.0649315 0.0259295 0.387939
1 0.0621918 0.811155 0.0427397 0.0489237 0.407715
0 0.168219 0.923924 0.0350685 0.0591977 0.411377
1 0.168493 0.923679 0.0345205 0.0626223 0.560059
1 0.220685 0.84956 0.142192 0.157045 0.67334
1 0.0767123 0.900196 0.153425 0.136008 0.827148
1 0.425342 0.864726 0.163014 0.14726 0.862793
1 0.175205 0.804305 0.0671233 0.0733855 0.896973
