0 0.671918 0.866683 0.0205479 0.0318004 0.113953
0 0.600685 0.804795 0.0780822 0.129159 0.126221
0 0.614794 0.827789 0.0613699 0.0851272 0.186401
0 0.458082 0.642857 0.0142466 0.0381605 0.24353
0 0.720685 0.958659 0.0457534 0.066047 0.246338
0 0.540959 0.962084 0.0216438 0.0631115 0.282959
0 0.480685 0.708659 0.0331507 0.082681 0.375732
0 0.479041 0.639677 0.0260274 0.0523483 0.413086
0 0.52 0.815313 0.0339726 0.107143 0.70752
0 0.535205 0.927104 0.0369863 0.129159 0.784668
0 0.430822 0.600783 0.0194521 0.0567515 0.789062
0 0.460685 0.704501 0.0331507 0.0616438 0.792969
0 0.515616 0.712329 0.0471233 0.0841487 0.82959
