1 0.197639 0.755757 0.0856437 0.0210681 0.113098
0 0.412572 0.617834 0.00988197 0.0156786 0.173706
0 0.408455 0.593582 0.00658798 0.022048 0.179932
0 0.410925 0.598481 0.0142739 0.0583048 0.194336
0 0.395279 0.604116 0.00768597 0.0137188 0.202759
0 0.396239 0.649926 0.0112545 0.0259677 0.2146
0 0.441669 0.712396 0.011529 0.0323371 0.412842
0 0.451963 0.822146 0.0458413 0.128368 0.51123
0 0.433571 0.930181 0.0332144 0.132778 0.660156
0 0.446747 0.877756 0.0590173 0.244488 0.765625
0 0.0662915 0.800833 0.132583 0.155316 0.768066
0 0.103623 0.924547 0.0996431 0.134248 0.816895
0 0.301537 0.941695 0.0321164 0.10975 0.842773
