1 0.266127 0.707986 0.131485 0.033317 0.137573
0 0.462394 0.849829 0.0156464 0.0249878 0.20105
0 0.440434 0.812347 0.0183914 0.022538 0.224976
0 0.449492 0.83023 0.0370574 0.0534052 0.234985
0 0.25899 0.754042 0.0419984 0.0754532 0.295898
0 0.310596 0.738364 0.0101565 0.0303773 0.329346
0 0.235657 0.740568 0.0189404 0.0318471 0.427979
0 0.285479 0.77413 0.0274499 0.0480157 0.486328
0 0.257755 0.630328 0.0675268 0.067124 0.523438
0 0.203267 0.859628 0.144112 0.275845 0.536133
0 0.294949 0.761146 0.0452923 0.0730034 0.577637
0 0.176366 0.908623 0.0903102 0.170995 0.590332
0 0.434806 0.659481 0.0164699 0.0646742 0.656738
0 0.188993 0.807447 0.0249794 0.0470358 0.73584
0 0.461845 0.933121 0.0244304 0.123959 0.808105
0 0.50398 0.907643 0.0527038 0.170995 0.842773
