0 0.287534 0.939335 0.0780822 0.11546 0.109985
0 0.270274 0.7341 0.0583562 0.084638 0.132324
1 0.288904 0.939824 0.0786301 0.114481 0.137573
1 0.273836 0.894814 0.0638356 0.0332681 0.140381
0 0.359863 0.778865 0.0539726 0.121331 0.143066
0 0.379863 0.61864 0.029863 0.0425636 0.179077
1 0.438356 0.655333 0.0761644 0.0190802 0.190063
0 0.385342 0.607632 0.0194521 0.0205479 0.196411
0 0.291781 0.709393 0.113425 0.130137 0.201538
0 0.249178 0.759785 0.0978082 0.1409 0.225464
0 0.320822 0.667074 0.0619178 0.045499 0.255859
0 0.206164 0.840509 0.178904 0.293542 0.347168
0 0.323151 0.863748 0.0161644 0.114971 0.381104
0 0.360411 0.77226 0.0879452 0.287182 0.510254
0 0.310411 0.951566 0.0405479 0.0870842 0.665039
0 0.16863 0.906311 0.119726 0.183464 0.716309
2 0.69726 0.782045 0.0936986 0.0562622 0.825684
