0 0.405435 0.618079 0.00933297 0.0347869 0.107056
0 0.374005 0.652131 0.0381554 0.147967 0.118713
0 0.408866 0.719255 0.00686248 0.0146987 0.179199
0 0.421631 0.561489 0.01098 0.033317 0.251221
0 0.467884 0.67222 0.0376064 0.123469 0.291016
0 0.366731 0.67173 0.0219599 0.10779 0.420654
0 0.340516 0.841254 0.0238814 0.0793729 0.42334
0 0.417513 0.794708 0.0181169 0.0538951 0.64209
0 0.398298 0.745468 0.00933297 0.0347869 0.662109
0 0.446335 0.908868 0.0263519 0.182264 0.785156
0 0.211913 0.927976 0.0312929 0.139147 0.84082
