0 0.427534 0.563356 0.0106849 0.0366928 0.154419
3 0.0109589 0.837084 0.0213699 0.0636008 0.215332
0 0.473288 0.68273 0.0106849 0.0366928 0.274902
0 0.426164 0.688845 0.0106849 0.0215264 0.325195
0 0.0872603 0.856409 0.0452055 0.0357143 0.357422
0 0.0124658 0.820695 0.0183562 0.0366928 0.380127
0 0.099589 0.844667 0.0649315 0.0513699 0.557617
0 0.407534 0.678816 0.010137 0.0210372 0.568848
0 0.448493 0.763454 0.0120548 0.045499 0.677246
0 0.425479 0.706947 0.0136986 0.0401174 0.75
0 0.326164 0.912427 0.0430137 0.0919765 0.88623
0 0.39274 0.831458 0.0506849 0.1091 0.919922
