0 0.157178 0.704668 0.0292079 0.0678133 0.10553
3 0.371906 0.627518 0.0492574 0.0560197 0.12793
1 0.439975 0.701474 0.161139 0.0299754 0.135498
1 0.720668 0.720885 0.135891 0.0727273 0.162231
0 0.0991337 0.883538 0.0363861 0.0786241 0.234375
0 0.11052 0.859214 0.0131188 0.0388206 0.286133
3 0.350124 0.616708 0.0883663 0.0766585 0.305664
0 0.0914604 0.838821 0.0819307 0.161179 0.312012
0 0.110149 0.79484 0.116337 0.253071 0.328613
0 0.084901 0.912531 0.00841584 0.0255528 0.468506
2 0.422277 0.648403 0.0331683 0.0230958 0.64209
0 0.155198 0.751106 0.0153465 0.0329238 0.668457
0 0.626856 0.909091 0.0507426 0.179853 0.796875
0 0.159406 0.918182 0.0267327 0.159705 0.885742
