0 0.421082 0.597991 0.0142739 0.0612445 0.303955
0 0.423552 0.657031 0.0159209 0.0401764 0.30542
0 0.0576448 0.810142 0.11529 0.139637 0.330811
0 0.350124 0.682754 0.0216854 0.0916218 0.338135
0 0.350947 0.707006 0.0150974 0.0450759 0.42627
0 0.0951139 0.740568 0.0579193 0.0573248 0.451172
0 0.187071 0.678099 0.0979962 0.0872122 0.458984
0 0.229069 0.644292 0.184189 0.157766 0.513672
0 0.422454 0.623714 0.0181169 0.10975 0.557129
0 0.284381 0.599216 0.0735657 0.0646742 0.685547
0 0.218776 0.880206 0.107055 0.229789 0.806152
