0 0.0879769 0.729544 0.0441943 0.0411563 0.135132
0 0.383201 0.55267 0.0219599 0.0254777 0.141968
0 0.275048 0.605341 0.0400769 0.0367467 0.158203
0 0.424238 0.576188 0.0101565 0.0646742 0.212524
0 0.352045 0.593582 0.0244304 0.0455659 0.241577
0 0.220834 0.636698 0.0200384 0.033807 0.252197
1 0.461158 0.78099 0.0274499 0.0303773 0.256836
0 0.31389 0.580108 0.0277244 0.0264576 0.282471
0 0.29838 0.590152 0.0587428 0.044586 0.285645
3 0.351771 0.593337 0.0260774 0.0460559 0.294922
2 0.535685 0.572268 0.0255284 0.0235179 0.378906
1 0.445512 0.77364 0.0581938 0.0313572 0.392578
0 0.0771342 0.738364 0.0691738 0.0587947 0.464844
0 0.152896 0.885105 0.172934 0.215091 0.686035
0 0.22303 0.661685 0.0551743 0.0494855 0.695801
0 0.446747 0.684713 0.0414494 0.0769231 0.855469
