0 0.452466 0.547945 0.0293151 0.0450098 0.133179
1 0.466712 0.740215 0.029863 0.018591 0.149902
1 0.325616 0.596869 0.136164 0.0234834 0.155518
1 0.480411 0.728474 0.0528767 0.0401174 0.164673
1 0.497945 0.729207 0.02 0.0445205 0.1698
0 0.207808 0.802348 0.0961644 0.143836 0.17334
0 0.44137 0.732387 0.0241096 0.0469667 0.183838
0 0.248082 0.67955 0.050137 0.0665362 0.201782
1 0.409863 0.72089 0.0449315 0.0200587 0.234375
0 0.49726 0.729697 0.0191781 0.0445205 0.274902
0 0.393288 0.742417 0.0112329 0.0435421 0.284424
1 0.418493 0.767123 0.0589041 0.0234834 0.287842
0 0.235069 0.608855 0.0421918 0.0278865 0.292969
0 0.410685 0.740949 0.0476712 0.0601761 0.316162
0 0.497397 0.75954 0.0238356 0.101272 0.339355
0 0.344658 0.97089 0.0136986 0.047456 0.390381
0 0.469315 0.684932 0.00986301 0.0401174 0.455078
0 0.438493 0.631605 0.0243836 0.150685 0.509766
1 0.276849 0.952544 0.149863 0.0469667 0.525879
1 0.385205 0.829746 0.139178 0.0332681 0.575684
0 0.529726 0.957681 0.0254795 0.0768102 0.613281
0 0.235753 0.765411 0.156438 0.220646 0.630371
0 0.459041 0.840753 0.0282192 0.188356 0.70752
0 0.272877 0.65362 0.0975342 0.111546 0.793457
0 0.481781 0.659002 0.0287671 0.0655577 0.852051
