0 0.475 0.792629 0.0366337 0.0638821 0.114319
0 0.362995 0.888206 0.0180693 0.0899263 0.13562
0 0.0970297 0.640786 0.079703 0.0687961 0.149292
0 0.0747525 0.660442 0.0405941 0.0275184 0.184082
0 0.488366 0.815479 0.0623762 0.104668 0.200562
0 0.362748 0.864128 0.0136139 0.0407862 0.284424
0 0.367203 0.746192 0.0863861 0.221622 0.436279
0 0.128713 0.614005 0.0212871 0.0230958 0.483887
0 0.348639 0.689681 0.045297 0.10172 0.506836
0 0.395545 0.809828 0.0366337 0.0658477 0.644531
0 0.536139 0.881081 0.156436 0.233907 0.780273
