1 0.302723 0.559705 0.0415842 0.00884521 0.105774
0 0.37599 0.801474 0.049505 0.149386 0.136963
0 0.152723 0.945209 0.0405941 0.103686 0.149048
0 0.35495 0.739803 0.0118812 0.0260442 0.159546
0 0.364233 0.596314 0.00816832 0.0201474 0.167114
0 0.332797 0.534398 0.00816832 0.0162162 0.176758
0 0.349876 0.642998 0.0170792 0.0624079 0.197144
0 0.21646 0.560934 0.045297 0.0339066 0.207397
0 0.245668 0.665848 0.0195545 0.0481572 0.219971
0 0.383911 0.833907 0.0356436 0.0845209 0.256592
0 0.266337 0.688206 0.00841584 0.0260442 0.262695
0 0.188366 0.585749 0.0287129 0.0265356 0.268311
0 0.35953 0.568059 0.0180693 0.0746929 0.276611
0 0.276361 0.595823 0.0121287 0.022113 0.28833
0 0.174134 0.895823 0.0804455 0.197543 0.303223
0 0.374752 0.615479 0.0242574 0.0476658 0.334473
1 0.308292 0.675921 0.0472772 0.012285 0.379639
1 0.3 0.642015 0.0381188 0.012285 0.385254
0 0.202723 0.829484 0.0227723 0.0668305 0.405518
0 0.336634 0.64914 0.0118812 0.0638821 0.406982
0 0.279084 0.613514 0.0106436 0.0447174 0.454346
0 0.358787 0.757248 0.0185644 0.0619165 0.636719
0 0.207302 0.572236 0.0636139 0.0525799 0.735352
0 0.358663 0.670025 0.0316832 0.115479 0.748535
0 0.0810644 0.674939 0.162129 0.156757 0.757812
0 0.331064 0.579853 0.0106436 0.0589681 0.796387
0 0.409901 0.688206 0.0504951 0.102703 0.850098
