2 0.428493 0.698875 0.0252055 0.0210372 0.20166
0 0.426712 0.889188 0.0238356 0.066047 0.219971
0 0.376164 0.535714 0.0131507 0.0293542 0.222412
0 0.101644 0.967221 0.0312329 0.0577299 0.242188
0 0.209863 0.826566 0.0115068 0.0337573 0.24939
2 0.407671 0.568493 0.0126027 0.0195695 0.395752
0 0.182192 0.845646 0.0471233 0.0748532 0.395996
0 0.115068 0.950832 0.0542466 0.0875734 0.396484
1 0.300137 0.627446 0.261644 0.0376712 0.48877
2 0.474521 0.631115 0.0410959 0.0254403 0.516602
0 0.155616 0.936155 0.0641096 0.1091 0.649902
0 0.420685 0.824119 0.0369863 0.21184 0.675293
