1 0.221096 0.670744 0.150685 0.0234834 0.119934
0 0.353699 0.607387 0.0142466 0.0210372 0.134399
0 0.30589 0.695205 0.0117808 0.0391389 0.184692
0 0.341507 0.661693 0.00794521 0.0151663 0.225586
0 0.366164 0.592466 0.0347945 0.0430528 0.258057
0 0.174521 0.914873 0.0827397 0.150685 0.260986
0 0.487945 0.898483 0.0279452 0.13454 0.264404
0 0.43137 0.603229 0.010137 0.0176125 0.285889
0 0.303151 0.66365 0.0112329 0.0190802 0.436768
0 0.330548 0.642123 0.0167123 0.0239726 0.442871
0 0.221644 0.832436 0.172055 0.325342 0.640137
