0 0.357672 0.532827 0.00768597 0.0279275 0.153931
0 0.0208619 0.899314 0.0417239 0.187653 0.154541
0 0.332281 0.545321 0.00960747 0.0186183 0.20459
0 0.442355 0.965703 0.0293714 0.0685938 0.24646
0 0.0216854 0.847379 0.0428219 0.0877021 0.291504
0 0.455531 0.923567 0.0194894 0.0382166 0.346924
0 0.27244 0.688878 0.0403514 0.0862322 0.462402
0 0.243481 0.747428 0.0944277 0.193533 0.592285
0 0.441806 0.925037 0.0288224 0.148947 0.731934
0 0.513176 0.794219 0.0304694 0.0411563 0.761719
0 0.478315 0.837825 0.0194894 0.0783929 0.85791
0 0.12723 0.731014 0.158386 0.180304 0.875488
