2 0.22863 0.75954 0.0205479 0.026908 0.166626
0 0.266575 0.688356 0.0986301 0.196673 0.173218
0 0.302877 0.61864 0.0243836 0.0513699 0.176514
0 0.291644 0.641389 0.0473973 0.0958904 0.216064
0 0.181781 0.847358 0.0249315 0.0499022 0.297119
2 0.220959 0.774951 0.0145205 0.0176125 0.336426
0 0.145616 0.910714 0.0961644 0.168787 0.356445
2 0.238493 0.742417 0.0452055 0.0728963 0.554199
0 0.238082 0.74364 0.0454795 0.072407 0.615723
0 0.128219 0.936644 0.0641096 0.116928 0.70752
0 0.269178 0.605431 0.02 0.0601761 0.833496
