0 0.48902 0.754042 0.0134505 0.0146987 0.104675
0 0.470217 0.863792 0.010431 0.0323371 0.111084
0 0.578095 0.794953 0.0351359 0.0857423 0.114746
3 0.467609 0.56002 0.0205874 0.0480157 0.123108
1 0.392122 0.812592 0.0381554 0.0210681 0.132446
0 0.302086 0.722685 0.0463903 0.0509554 0.13269
0 0.249794 0.678834 0.0543508 0.0347869 0.142822
0 0.382789 0.589907 0.0255284 0.0235179 0.150879
0 0.505215 0.644782 0.0430963 0.0764331 0.166016
0 0.423552 0.571044 0.0400769 0.0622244 0.168579
0 0.373593 0.67026 0.149876 0.11171 0.168945
1 0.461158 0.616854 0.0258029 0.0235179 0.175415
0 0.505902 0.975012 0.0164699 0.0450759 0.191284
0 0.46157 0.605586 0.0238814 0.0460559 0.19458
0 0.37826 0.829495 0.013176 0.0705537 0.212769
0 0.396651 0.857913 0.012627 0.0411563 0.220825
0 0.519078 0.675649 0.0186659 0.022538 0.257812
0 0.388965 0.815777 0.0367829 0.0872122 0.269287
0 0.392259 0.788584 0.0400769 0.0289074 0.274902
1 0.390612 0.933121 0.0807027 0.130818 0.276367
0 0.501921 0.94635 0.0244304 0.0975012 0.281494
0 0.467197 0.572758 0.0225089 0.0754532 0.288574
0 0.494236 0.561 0.0145484 0.044096 0.295654
0 0.333242 0.702597 0.104859 0.0823126 0.345459
0 0.181718 0.828025 0.195992 0.186183 0.394775
0 0.382789 0.570554 0.0332144 0.0308672 0.39917
0 0.491491 0.638902 0.0150974 0.0607545 0.429932
0 0.418199 0.640617 0.0732912 0.0504655 0.456787
0 0.415592 0.855463 0.126819 0.289074 0.515625
0 0.391161 0.934591 0.0779577 0.127878 0.547363
0 0.445512 0.77707 0.0713698 0.125429 0.569824
0 0.0533901 0.907888 0.104584 0.100931 0.6875
0 0.461982 0.676384 0.0186659 0.0455659 0.710449
0 0.159209 0.919647 0.129015 0.160706 0.85791
