0 0.354247 0.6091 0.0136986 0.0146771 0.105225
0 0.403288 0.557485 0.0235616 0.0190802 0.122375
0 0.350959 0.60592 0.00876712 0.0161448 0.137207
1 0.315068 0.754158 0.152329 0.0220157 0.144165
1 0.423562 0.688112 0.0323288 0.0122309 0.175415
1 0.431233 0.652642 0.0394521 0.0146771 0.193726
0 0.429178 0.593444 0.010137 0.0244618 0.215454
1 0.461644 0.759051 0.124384 0.0220157 0.230835
1 0.462329 0.659002 0.0391781 0.0176125 0.266113
0 0.121781 0.918542 0.0189041 0.0327789 0.309814
0 0.358904 0.605186 0.0224658 0.0234834 0.314697
0 0.089726 0.962084 0.0375342 0.0572407 0.338135
0 0.430411 0.555039 0.020274 0.0220157 0.339844
0 0.105479 0.910714 0.0224658 0.0386497 0.377441
0 0.0978082 0.942759 0.0520548 0.0958904 0.433105
1 0.116438 0.766389 0.231233 0.0308219 0.478027
0 0.28137 0.68273 0.10137 0.132583 0.52832
0 0.31589 0.58635 0.0279452 0.0200587 0.532227
0 0.39726 0.856409 0.0284932 0.169765 0.551758
0 0.0564384 0.980431 0.0263014 0.0283757 0.592773
0 0.399589 0.703033 0.0249315 0.134051 0.59668
0 0.256575 0.713552 0.0517808 0.0738748 0.649414
1 0.443836 0.948141 0.0624658 0.0489237 0.719238
0 0.410411 0.614971 0.0224658 0.0704501 0.719727
0 0.440274 0.706213 0.0230137 0.084638 0.730469
3 0.451233 0.594667 0.0169863 0.066047 0.73877
0 0.243562 0.780333 0.0219178 0.0362035 0.800781
0 0.305753 0.642857 0.0531507 0.0547945 0.805664
0 0.12589 0.697896 0.0550685 0.0376712 0.84375
0 0.175479 0.830479 0.0983562 0.139432 0.873047
