0 0.12627 0.8317 0.0697228 0.0494855 0.10907
0 0.470766 0.695982 0.0181169 0.0494855 0.113159
0 0.435767 0.611955 0.0107055 0.0499755 0.134277
1 0.384848 0.705536 0.146033 0.0235179 0.189453
1 0.373044 0.759677 0.0949767 0.0857423 0.196899
0 0.373044 0.761881 0.0949767 0.0901519 0.202759
1 0.425748 0.745223 0.0735657 0.0176384 0.272461
0 0.27244 0.94782 0.0189404 0.0906418 0.283691
0 0.332693 0.722685 0.0170189 0.0362567 0.312012
1 0.288224 0.878246 0.458962 0.055365 0.34082
2 0.0278617 0.836355 0.0222344 0.022538 0.439209
0 0.162915 0.797648 0.127093 0.0979912 0.515137
0 0.393632 0.776825 0.0527038 0.0583048 0.526367
0 0.269146 0.768496 0.0601153 0.120039 0.527832
0 0.447296 0.686918 0.0216854 0.0852523 0.554688
0 0.297145 0.797648 0.0277244 0.127389 0.624512
