0 0.26 0.592955 0.0109589 0.0176125 0.102844
0 0.193562 0.683953 0.105479 0.113503 0.118713
0 0.251507 0.6091 0.0241096 0.0410959 0.121094
0 0.347397 0.896771 0.0312329 0.0958904 0.121338
0 0.25863 0.578033 0.00876712 0.0141879 0.125732
2 0.374932 0.712573 0.0123288 0.0210372 0.170166
0 0.36726 0.632583 0.010137 0.0254403 0.170898
0 0.296301 0.575587 0.0117808 0.0190802 0.183228
0 0.371918 0.663894 0.0161644 0.0283757 0.187012
0 0.36726 0.580969 0.010137 0.0220157 0.200928
2 0.272192 0.66316 0.02 0.0132094 0.202515
0 0.70411 0.833659 0.199452 0.141879 0.266846
0 0.656301 0.79819 0.109315 0.0738748 0.284668
2 0.344521 0.929795 0.0232877 0.0386497 0.298584
0 0.374521 0.768102 0.0169863 0.163405 0.30542
0 0.212192 0.665607 0.0682192 0.0817025 0.335205
0 0.23589 0.577544 0.0235616 0.0210372 0.348145
0 0.334658 0.697162 0.0150685 0.0890411 0.354492
