0 0.504941 0.882901 0.0436453 0.22636 0.101257
0 0.456217 0.564919 0.00823497 0.0342969 0.115051
0 0.379907 0.619794 0.0192149 0.0293974 0.11615
0 0.260362 0.757962 0.0332144 0.0538951 0.117126
0 0.270244 0.943655 0.0222344 0.0715336 0.121643
0 0.158523 0.741058 0.124897 0.122979 0.147339
1 0.311419 0.630328 0.0557233 0.0132288 0.148926
0 0.416278 0.543116 0.0370574 0.0308672 0.161987
0 0.529783 0.759187 0.0389789 0.11612 0.204956
0 0.471452 0.567614 0.00631348 0.0132288 0.220703
1 0.419435 0.694268 0.10431 0.0391965 0.232178
0 0.572742 0.808182 0.0485863 0.0759432 0.233032
0 0.254323 0.646497 0.104584 0.099461 0.248901
0 0.257206 0.947085 0.0466648 0.0823126 0.256592
0 0.293988 0.614405 0.0312929 0.0313572 0.293701
0 0.0944277 0.791034 0.121878 0.11514 0.307861
0 0.491491 0.66438 0.0216854 0.0636943 0.32251
0 0.31485 0.709946 0.0713698 0.142087 0.343018
0 0.475844 0.769476 0.0469393 0.160216 0.349609
0 0.454296 0.599706 0.0148229 0.100931 0.424072
0 0.36426 0.66389 0.0148229 0.0362567 0.441162
0 0.128877 0.706026 0.0683503 0.0480157 0.451172
0 0.466786 0.536257 0.0145484 0.0279275 0.487061
0 0.458688 0.668545 0.0252539 0.0455659 0.508789
0 0.580154 0.901764 0.0694483 0.179814 0.515137
0 0.215619 0.891475 0.102388 0.210191 0.554688
0 0.309635 0.67173 0.0477628 0.0636943 0.570801
0 0.490118 0.841499 0.0771342 0.312102 0.587402
0 0.427258 0.771926 0.0194894 0.156296 0.634766
0 0.422317 0.6122 0.0167444 0.0592847 0.642578
