0 0.334752 0.589662 0.0716442 0.0749633 0.113464
1 0.324458 0.748408 0.0647818 0.0289074 0.118225
0 0.40818 0.574963 0.0219599 0.033807 0.182861
0 0.0349986 0.819451 0.0699973 0.100441 0.187866
0 0.430689 0.676139 0.0345869 0.149927 0.234131
0 0.402827 0.579618 0.0129015 0.0215581 0.279541
0 0.120505 0.730524 0.0527038 0.0382166 0.290039
0 0.311282 0.657276 0.110349 0.212151 0.44165
0 0.278205 0.718275 0.0507823 0.0862322 0.525391
0 0.211639 0.652131 0.0883887 0.0764331 0.644043
0 0.119544 0.857668 0.236344 0.22391 0.765625
0 0.445375 0.801323 0.0595663 0.397354 0.879883
