0 0.262833 0.617099 0.0458413 0.0690838 0.124634
0 0.0248422 0.798383 0.0496843 0.0494855 0.139893
0 0.083585 0.731014 0.0716442 0.0499755 0.143555
0 0.300302 0.5512 0.012627 0.0156786 0.15332
0 0.26997 0.597501 0.0145484 0.0191083 0.205322
0 0.176366 0.741548 0.0870162 0.0984811 0.22522
0 0.0166072 0.846399 0.0332144 0.0808427 0.247925
1 0.129015 0.762371 0.0510568 0.0176384 0.270996
0 0.345457 0.55365 0.0145484 0.0244978 0.273193
0 0.369613 0.984566 0.0139995 0.0240078 0.329102
0 0.344771 0.568349 0.0181169 0.055855 0.357422
0 0.236481 0.660951 0.0414494 0.0715336 0.400635
0 0.314713 0.569819 0.0118035 0.0244978 0.505371
0 0.276146 0.594562 0.0247049 0.0230279 0.520996
0 0.198051 0.705781 0.119407 0.169035 0.600586
0 0.493549 0.868937 0.0614878 0.21901 0.633789
0 0.145622 0.7756 0.0244304 0.0323371 0.648926
0 0.342026 0.582313 0.0142739 0.0308672 0.669922
0 0.147269 0.709701 0.0518803 0.067124 0.820801
0 0.394592 0.832925 0.0376064 0.320431 0.828613
0 0.0507823 0.891475 0.100467 0.191573 0.875488
