1 0.350822 0.822652 0.184932 0.0973581 0.130249
0 0.453836 0.902887 0.0249315 0.177593 0.136108
1 0.166027 0.743395 0.142466 0.0200587 0.148926
2 0.769041 0.627691 0.0558904 0.0381605 0.182007
2 0.202192 0.980431 0.0224658 0.0264188 0.290771
0 0.403562 0.552348 0.0136986 0.053816 0.397461
2 0.227534 0.832926 0.0380822 0.0689824 0.409424
0 0.227808 0.83317 0.0391781 0.0694716 0.583496
2 0.194247 0.901174 0.019726 0.0225049 0.591797
1 0.391644 0.794765 0.0961644 0.0464775 0.605957
2 0.177671 0.94545 0.0441096 0.0748532 0.763672
2 0.224521 0.932485 0.0260274 0.0332681 0.829102
