0 0.388416 0.625184 0.00603898 0.0176384 0.115112
0 0.264343 0.691328 0.0164699 0.0215581 0.115906
0 0.176777 0.663645 0.0351359 0.0347869 0.122864
0 0.216717 0.745468 0.0458413 0.0651641 0.125488
0 0.338869 0.675649 0.0134505 0.022538 0.128296
0 0.394318 0.598481 0.0107055 0.0171485 0.132324
0 0.231128 0.687408 0.0181169 0.0274375 0.147461
0 0.259264 0.602156 0.0200384 0.0313572 0.150879
0 0.122152 0.759187 0.0340379 0.0436061 0.155029
0 0.253912 0.677364 0.0296459 0.0396864 0.155518
0 0.470766 0.681529 0.013176 0.0401764 0.15918
0 0.248284 0.689123 0.0150974 0.0191083 0.159424
0 0.330634 0.638902 0.0145484 0.0401764 0.163818
0 0.378946 0.976482 0.0156464 0.0470358 0.176636
0 0.0414494 0.775845 0.0828987 0.0632043 0.182251
0 0.0480373 0.977707 0.01098 0.0367467 0.184814
0 0.352869 0.639882 0.00631348 0.0176384 0.201538
0 0.372632 0.601176 0.0107055 0.0401764 0.207886
0 0.427669 0.965213 0.0164699 0.0695737 0.250977
0 0.426572 0.980157 0.012078 0.0396864 0.30249
1 0.297969 0.679814 0.0908592 0.0269476 0.315674
0 0.526764 0.88927 0.0214109 0.0823126 0.320801
0 0.294949 0.575453 0.0183914 0.033807 0.330811
0 0.163464 0.674669 0.0595663 0.0450759 0.33252
0 0.379495 0.692553 0.0150974 0.0916218 0.341309
0 0.465276 0.703577 0.0301949 0.0607545 0.346924
0 0.152621 0.82827 0.0192149 0.044586 0.355713
0 0.338595 0.646742 0.0293714 0.0372366 0.356934
0 0.424513 0.791524 0.0463903 0.128858 0.361084
0 0.356712 0.819451 0.0480373 0.0367467 0.389893
0 0.367142 0.707251 0.0387044 0.121019 0.452393
0 0.396514 0.668055 0.0150974 0.0426262 0.4646
0 0.565468 0.928956 0.0411749 0.11269 0.498535
0 0.362613 0.756247 0.0356849 0.0504655 0.538086
0 0.067664 0.745713 0.127093 0.11171 0.615723
0 0.146445 0.837335 0.0304694 0.0627144 0.617676
0 0.100055 0.725625 0.0634093 0.0636943 0.642578
0 0.32185 0.793239 0.0118035 0.044096 0.644043
0 0.523881 0.775845 0.0584683 0.0984811 0.651855
0 0.377436 0.921607 0.0247049 0.156786 0.679199
0 0.285067 0.611955 0.0376064 0.0391965 0.687012
0 0.150151 0.907153 0.0735657 0.118079 0.702637
0 0.283695 0.770456 0.0568213 0.144537 0.894043
0 0.210541 0.911563 0.0735657 0.176874 0.908691
