0 0.402329 0.679061 0.0090411 0.0254403 0.102539
0 0.0721918 0.801614 0.0572603 0.0582192 0.125488
0 0.426712 0.569472 0.00575342 0.0146771 0.130127
0 0.0887671 0.853963 0.174247 0.223581 0.161255
0 0.0260274 0.937622 0.0493151 0.0611546 0.166992
0 0.331918 0.780333 0.0156164 0.0528376 0.177246
0 0.442603 0.621086 0.00739726 0.0181018 0.182251
0 0.430411 0.650196 0.0109589 0.0156556 0.183838
0 0.308493 0.842221 0.0219178 0.1091 0.275146
0 0.382329 0.720646 0.00849315 0.0205479 0.302246
0 0.314658 0.822652 0.0112329 0.0728963 0.307373
0 0.336164 0.768836 0.00821918 0.028865 0.315674
0 0.422877 0.619374 0.00958904 0.0303327 0.343018
0 0.0375342 0.967221 0.0126027 0.0244618 0.456787
0 0.228082 0.900685 0.040274 0.090998 0.462891
0 0.300822 0.876712 0.00767123 0.0430528 0.480469
0 0.401096 0.704012 0.00821918 0.0587084 0.537109
0 0.209452 0.926614 0.0786301 0.138943 0.592285
0 0.417123 0.670499 0.0112329 0.0670254 0.631836
0 0.0549315 0.904354 0.108219 0.123777 0.648438
0 0.22411 0.723581 0.0312329 0.0528376 0.704102
0 0.170822 0.789384 0.0232877 0.0425636 0.73877
0 0.141781 0.791585 0.0643836 0.104697 0.744629
0 0.184521 0.973581 0.029863 0.0420744 0.757324
0 0.309315 0.762965 0.0284932 0.0748532 0.835449
