0 0.408493 0.627691 0.00931507 0.018591 0.100525
0 0.440411 0.985812 0.0128767 0.0244618 0.120667
0 0.412877 0.606654 0.00821918 0.0225049 0.122253
0 0.256575 0.702299 0.100548 0.126712 0.221069
0 0.403288 0.58953 0.0164384 0.0322896 0.265869
0 0.240822 0.72407 0.0690411 0.0812133 0.272461
0 0.0691781 0.982143 0.0216438 0.0259295 0.33252
0 0.170822 0.84638 0.0830137 0.136008 0.350342
0 0.0860274 0.966487 0.0542466 0.0562622 0.353027
0 0.410685 0.920254 0.0120548 0.053816 0.386719
0 0.420685 0.654843 0.00849315 0.028865 0.401367
0 0.451644 0.84271 0.0112329 0.026908 0.480469
0 0.411233 0.61546 0.0131507 0.0401174 0.51123
0 0.403014 0.567025 0.0175342 0.0802348 0.598145
0 0.287534 0.659247 0.0391781 0.045499 0.616211
0 0.443836 0.944716 0.0191781 0.0998043 0.649414
0 0.42726 0.868885 0.0145205 0.0626223 0.700684
0 0.324384 0.6091 0.0273973 0.0410959 0.704102
0 0.202192 0.796477 0.147397 0.236791 0.707031
0 0.404658 0.688845 0.0180822 0.0939335 0.759277
0 0.369315 0.790851 0.0169863 0.155088 0.77832
0 0.433562 0.765411 0.0243836 0.0817025 0.81543
0 0.402877 0.891879 0.0243836 0.107632 0.84375
