0 0.0124658 0.867172 0.0249315 0.0572407 0.100891
0 0.143014 0.745842 0.0312329 0.0278865 0.104431
0 0.123425 0.75636 0.0572603 0.0518591 0.107422
0 0.240685 0.672701 0.0660274 0.0636008 0.111877
3 0.456301 0.590753 0.029863 0.0993151 0.123291
0 0.0738356 0.797701 0.0424658 0.0543053 0.212646
0 0.0250685 0.845646 0.050137 0.0738748 0.244995
3 0.46411 0.730675 0.0964384 0.337084 0.519043
0 0.100685 0.777642 0.0945205 0.0905088 0.648438
3 0.441918 0.903865 0.0936986 0.19227 0.664551
0 0.364931 0.641389 0.0279452 0.0381605 0.796875
0 0.37411 0.591977 0.0424658 0.0518591 0.806641
