0 0.210137 0.654843 0.0586301 0.0415851 0.10144
0 0.102055 0.738992 0.00794521 0.0132094 0.137817
0 0.276027 0.58953 0.0386301 0.0313112 0.139771
3 0.398356 0.537427 0.0136986 0.0533268 0.141602
0 0.0568493 0.938601 0.0747945 0.0973581 0.161865
0 0.383288 0.576321 0.0142466 0.0273973 0.194092
1 0.338904 0.766879 0.0679452 0.0181018 0.194214
0 0.431644 0.97774 0.00958904 0.0386497 0.265869
0 0.398219 0.54501 0.0117808 0.0459883 0.325684
0 0.205342 0.636497 0.0424658 0.0283757 0.340576
0 0.374521 0.550636 0.0115068 0.026908 0.355713
0 0.0757534 0.761252 0.0326027 0.0225049 0.433594
0 0.359863 0.707681 0.0320548 0.0680039 0.802734
0 0.260411 0.88136 0.0331507 0.22456 0.835938
0 0.457808 0.703278 0.0317808 0.084638 0.884766
0 0.0724658 0.889922 0.106027 0.200587 0.932129
