1 0.138622 0.759432 0.259127 0.0548751 0.106567
0 0.270244 0.61465 0.0200384 0.0308672 0.120361
1 0.232775 0.792994 0.0708207 0.0191083 0.176514
1 0.372083 0.758942 0.0974472 0.0215581 0.194824
0 0.396239 0.660706 0.00850947 0.0524253 0.22937
0 0.397063 0.671975 0.00631348 0.0279275 0.247925
0 0.259264 0.633268 0.0436453 0.0690838 0.248657
0 0.417788 0.662665 0.0186659 0.129838 0.249878
0 0.265166 0.795443 0.0312929 0.0749633 0.250977
1 0.19462 0.737139 0.135054 0.0259677 0.268066
0 0.395828 0.642087 0.00548998 0.022048 0.352051
0 0.345732 0.599706 0.0145484 0.0372366 0.602051
