0 0.325479 0.620842 0.0257534 0.0450098 0.110413
1 0.181781 0.705724 0.171233 0.0200587 0.114685
0 0.162877 0.917808 0.0912329 0.15362 0.116577
1 0.317808 0.713063 0.0909589 0.0190802 0.135742
0 0.442055 0.679061 0.00575342 0.0156556 0.166748
0 0.239041 0.772505 0.0583562 0.0958904 0.179932
0 0.417945 0.823386 0.02 0.055773 0.199219
0 0.292466 0.674413 0.0386301 0.0650685 0.30957
0 0.480411 0.900196 0.0210959 0.0596869 0.319092
0 0.305753 0.652887 0.0624658 0.107143 0.493896
0 0.420959 0.65362 0.0150685 0.0254403 0.505371
0 0.35411 0.569716 0.0331507 0.0523483 0.515625
1 0.40411 0.756849 0.0454795 0.0322896 0.64209
0 0.444384 0.948141 0.0279452 0.0890411 0.837402
0 0.194247 0.860323 0.153425 0.276419 0.875
