0 0.391573 0.61416 0.0590173 0.0847624 0.123291
0 0.299341 0.914748 0.0557233 0.167565 0.156494
1 0.371809 0.585007 0.10129 0.0538951 0.218262
0 0.369613 0.586232 0.0958002 0.0592847 0.240601
1 0.33132 0.683488 0.292616 0.0636943 0.286133
0 0.340791 0.598481 0.0376064 0.0396864 0.315674
0 0.40969 0.587212 0.0266264 0.0347869 0.36084
0 0.453335 0.780255 0.0387044 0.126899 0.763672
0 0.247049 0.694023 0.0625858 0.0602646 0.786621
0 0.33832 0.778295 0.144661 0.413033 0.800293
0 0.0889377 0.863302 0.177326 0.243998 0.933105
