0 0.0253912 0.899314 0.0480373 0.0573248 0.112793
1 0.356712 0.596276 0.0996431 0.0244978 0.115112
1 0.153857 0.843949 0.307713 0.11612 0.126587
0 0.417925 0.572024 0.00960747 0.0181284 0.13562
0 0.415317 0.567614 0.013176 0.0298873 0.154419
0 0.335987 0.641597 0.0225089 0.0426262 0.166138
0 0.311694 0.607055 0.0161954 0.0235179 0.167969
0 0.341477 0.966193 0.012627 0.0607545 0.170532
0 0.265441 0.723175 0.013725 0.0254777 0.174316
0 0.445786 0.651641 0.0252539 0.0823126 0.176636
0 0.448394 0.685693 0.0293714 0.134738 0.187134
0 0.424787 0.603136 0.00686248 0.0166585 0.213867
0 0.417925 0.698187 0.0107055 0.0695737 0.226807
0 0.385259 0.612935 0.0107055 0.0264576 0.228027
0 0.264068 0.627634 0.0334889 0.033317 0.253662
0 0.317595 0.602401 0.0279989 0.0308672 0.308594
0 0.413807 0.664625 0.0172934 0.130818 0.325928
1 0.134916 0.77805 0.17815 0.0519353 0.370117
0 0.411611 0.630818 0.0156464 0.0641842 0.432129
0 0.0204502 0.932876 0.0409004 0.120529 0.456787
0 0.410102 0.78197 0.0225089 0.0617344 0.460449
0 0.391436 0.579863 0.0230579 0.0289074 0.484131
0 0.375515 0.642087 0.0170189 0.0240078 0.50293
0 0.378946 0.626899 0.0227834 0.0494855 0.550781
0 0.461982 0.817491 0.0444688 0.274865 0.55127
0 0.365495 0.574473 0.0172934 0.0308672 0.561523
0 0.282734 0.731014 0.0488608 0.0636943 0.64209
1 0.20162 0.792749 0.403239 0.127389 0.721191
0 0.213972 0.860853 0.0727422 0.130328 0.770508
0 0.371672 0.689123 0.0307439 0.0759432 0.799316
0 0.0340379 0.8317 0.0680758 0.0641842 0.834473
0 0.434532 0.961783 0.0252539 0.0695737 0.855957
0 0.36028 0.899069 0.0463903 0.190103 0.90918
