0 0.0557534 0.774217 0.0950685 0.0865949 0.10376
0 0.46 0.889922 0.0356164 0.216243 0.109985
0 0.311507 0.565313 0.0164384 0.0141879 0.125244
0 0.334931 0.540607 0.0249315 0.0244618 0.165039
0 0.246849 0.608121 0.0772603 0.0645793 0.179443
0 0.325616 0.549658 0.0435616 0.0386497 0.194336
0 0.450274 0.87818 0.0112329 0.0459883 0.195923
0 0.322466 0.74682 0.0531507 0.107143 0.203003
0 0.16 0.686888 0.112877 0.0870842 0.227417
0 0.441918 0.764432 0.0493151 0.276419 0.283447
1 0.371781 0.591487 0.0312329 0.0254403 0.313721
0 0.428493 0.704012 0.0263014 0.149706 0.37207
0 0.229315 0.621086 0.0438356 0.0435421 0.403564
0 0.383562 0.551614 0.0153425 0.0523483 0.586426
0 0.463425 0.935665 0.029863 0.118885 0.624023
0 0.112192 0.726272 0.208493 0.17955 0.833008
0 0.341644 0.701321 0.090411 0.204012 0.935059
