0 0.43014 0.786379 0.0181169 0.11073 0.112
0 0.0413121 0.851788 0.0820752 0.273885 0.157104
0 0.520862 0.793729 0.0639583 0.138168 0.226562
0 0.187757 0.630573 0.0516058 0.0480157 0.285156
0 0.473648 0.702842 0.0392534 0.067124 0.301514
0 0.538155 0.936796 0.0381554 0.118569 0.331055
0 0.44263 0.94341 0.0282734 0.10632 0.416748
0 0.274225 0.973297 0.0362339 0.0455659 0.52832
0 0.0458413 0.767516 0.0916827 0.10828 0.539551
0 0.399396 0.902009 0.0258029 0.189123 0.680664
0 0.444551 0.865997 0.0463903 0.268006 0.687012
3 0.378534 0.739343 0.0796047 0.171485 0.788574
0 0.133407 0.754042 0.0834477 0.0764331 0.831055
