3 0.263931 0.952474 0.0623113 0.0872122 0.110596
0 0.455531 0.709946 0.0139995 0.0480157 0.12085
0 0.430414 0.537972 0.0170189 0.0176384 0.123962
0 0.300027 0.805488 0.0488608 0.122489 0.125
0 0.372221 0.634983 0.0878397 0.104851 0.129272
1 0.10129 0.860118 0.0543508 0.0357668 0.140503
0 0.424376 0.540421 0.0296459 0.0235179 0.158569
1 0.35479 0.790544 0.0936042 0.0259677 0.178833
0 0.381554 0.566634 0.0389789 0.0279275 0.179077
0 0.101976 0.859873 0.0524293 0.0372366 0.186768
0 0.26297 0.952229 0.0631348 0.0818226 0.220215
0 0.50302 0.839784 0.0118035 0.0470358 0.243652
2 0.480648 0.561489 0.0208619 0.0146987 0.280518
0 0.292479 0.851053 0.0365084 0.165605 0.379395
0 0.491902 0.775845 0.012627 0.0837825 0.422607
0 0.508372 0.875306 0.0241559 0.117099 0.425049
1 0.199835 0.747673 0.0598408 0.0313572 0.46875
0 0.280813 0.874081 0.0839967 0.251837 0.510254
0 0.561076 0.794953 0.0263519 0.0602646 0.637207
0 0.188581 0.703087 0.0351359 0.0235179 0.642578
0 0.458413 0.616854 0.0219599 0.0578148 0.731934
0 0.399396 0.555365 0.0719187 0.0455659 0.744141
0 0.304557 0.613425 0.0820752 0.0627144 0.785156
