0 0.450727 0.663645 0.0559978 0.185693 0.103027
0 0.410925 0.573983 0.0164699 0.0279275 0.109192
0 0.0178424 0.798873 0.0356849 0.099461 0.127563
0 0.306204 0.726115 0.0584683 0.148947 0.130615
0 0.321576 0.696717 0.0315674 0.0950514 0.201782
0 0.519078 0.885105 0.0691738 0.229789 0.217896
0 0.2605 0.768006 0.0373319 0.0690838 0.23999
0 0.245677 0.869917 0.0850947 0.248408 0.2771
0 0.209306 0.978687 0.00905847 0.0279275 0.35376
0 0.0182542 0.768006 0.0365084 0.0426262 0.414551
0 0.234559 0.915728 0.0606643 0.158746 0.487061
0 0.487236 0.785399 0.129015 0.426262 0.812988
