0 0.439473 0.569819 0.00713697 0.0166585 0.101196
0 0.38622 0.564674 0.00658798 0.0191083 0.103271
0 0.41765 0.769966 0.0365084 0.244488 0.104431
0 0.397749 0.575208 0.00988197 0.0235179 0.104797
1 0.0188032 0.868202 0.0376064 0.0303773 0.105164
0 0.372083 0.531602 0.0376064 0.0235179 0.111755
0 0.284381 0.976237 0.0175679 0.0475257 0.145996
0 0.43261 0.578393 0.0214109 0.100441 0.186401
0 0.439747 0.55708 0.00933297 0.0431161 0.219971
1 0.265715 0.970113 0.501784 0.0597746 0.276123
0 0.331595 0.981872 0.013725 0.0362567 0.294189
0 0.475707 0.956639 0.0175679 0.0837825 0.309082
0 0.290283 0.976482 0.0112545 0.0470358 0.319092
0 0.427944 0.603871 0.013176 0.044586 0.368164
0 0.400631 0.566879 0.0172934 0.0391965 0.383057
0 0.308262 0.569329 0.0565468 0.0509554 0.422607
0 0.52443 0.938511 0.0118035 0.0259677 0.476562
0 0.381554 0.606075 0.0186659 0.0401764 0.581543
0 0.231814 0.629838 0.121603 0.105341 0.691406
0 0.419572 0.706516 0.0288224 0.120529 0.720215
0 0.416003 0.83072 0.0343124 0.119059 0.794434
0 0.303459 0.855218 0.0452923 0.195492 0.861328
0 0.349026 0.704557 0.0381554 0.148947 0.864258
