0 0.31863 0.581947 0.0213699 0.0181018 0.111633
0 0.37589 0.565802 0.00876712 0.0112524 0.111694
0 0.421781 0.838796 0.0112329 0.0132094 0.112305
0 0.307123 0.590998 0.0290411 0.0254403 0.118408
0 0.271644 0.860078 0.0194521 0.0342466 0.120056
0 0.387397 0.561888 0.00767123 0.0112524 0.120667
0 0.409863 0.565558 0.00986301 0.0156556 0.134033
1 0.278356 0.791341 0.0389041 0.0181018 0.148438
0 0.335479 0.571918 0.0561644 0.035225 0.162476
0 0.372466 0.591487 0.0106849 0.0146771 0.174927
0 0.407945 0.57681 0.0158904 0.0342466 0.180786
0 0.323973 0.59638 0.0161644 0.0136986 0.18335
0 0.408493 0.543297 0.010411 0.0122309 0.227295
0 0.380822 0.544521 0.0263014 0.018591 0.237549
0 0.379589 0.622065 0.0145205 0.026908 0.252197
0 0.348356 0.565068 0.0276712 0.0176125 0.254883
0 0.305479 0.673924 0.0350685 0.0406067 0.273682
0 0.245753 0.975294 0.0131507 0.0386497 0.284424
0 0.367123 0.572162 0.0131507 0.0200587 0.288574
0 0.250274 0.801614 0.0336986 0.0503914 0.305664
0 0.447397 0.61864 0.00931507 0.0210372 0.584473
0 0.456849 0.65729 0.0106849 0.0357143 0.588867
0 0.296164 0.8432 0.0252055 0.0543053 0.631836
0 0.257671 0.739237 0.0939726 0.12818 0.646973
0 0.262192 0.920254 0.0421918 0.146771 0.691406
0 0.0580822 0.844912 0.115616 0.133072 0.70459
0 0.27411 0.629892 0.0561644 0.0425636 0.73584
0 0.410685 0.705479 0.0230137 0.161448 0.824219
0 0.339178 0.688356 0.0887671 0.15362 0.916504
