0 0.502877 0.719423 0.0315068 0.066047 0.105164
0 0.319315 0.745842 0.00849315 0.0327789 0.145996
1 0.366027 0.592466 0.0580822 0.0264188 0.167114
2 0.303014 0.749755 0.0306849 0.0670254 0.168335
0 0.271233 0.818493 0.110137 0.208415 0.185059
1 0.527397 0.793053 0.0273973 0.0166341 0.185425
1 0.403562 0.759785 0.192329 0.0254403 0.199219
0 0.525342 0.793053 0.0293151 0.0215264 0.265381
0 0.449726 0.598092 0.0128767 0.0239726 0.307129
0 0.363699 0.61864 0.0243836 0.0337573 0.346191
1 0.242055 0.630137 0.135068 0.0479452 0.368164
1 0.305068 0.612524 0.200274 0.0606654 0.387451
0 0.0234247 0.790362 0.0468493 0.0758317 0.481201
0 0.310548 0.689579 0.0221918 0.0464775 0.503418
0 0.30274 0.747554 0.0290411 0.0694716 0.525879
0 0.306712 0.655822 0.0210959 0.0357143 0.536621
0 0.333699 0.598581 0.0142466 0.0357143 0.550293
1 0.334247 0.71453 0.0317808 0.0151663 0.567383
1 0.231918 0.788894 0.112055 0.0376712 0.606934
0 0.256849 0.867172 0.0830137 0.151174 0.696289
0 0.51411 0.801614 0.0194521 0.0758317 0.720215
0 0.35589 0.638943 0.0416438 0.0733855 0.749023
0 0.483014 0.672945 0.0712329 0.156067 0.795898
