0 0.368652 0.6634 0.0236069 0.0411563 0.104065
0 0.25199 0.599216 0.010431 0.0166585 0.113647
0 0.226462 0.634248 0.0225089 0.0269476 0.114868
0 0.432885 0.731749 0.0598408 0.099461 0.115112
0 0.0339006 0.880696 0.0678013 0.213131 0.120728
0 0.21109 0.649437 0.0532528 0.0583048 0.124451
0 0.157151 0.707006 0.157837 0.166585 0.127686
0 0.240324 0.608525 0.0244304 0.0293974 0.138794
0 0.32885 0.580598 0.0225089 0.0284174 0.144043
0 0.232363 0.621999 0.0365084 0.0534052 0.178711
0 0.351771 0.604606 0.0315674 0.0480157 0.184814
0 0.455257 0.761881 0.0963492 0.148947 0.251709
0 0.0332144 0.818471 0.0658798 0.0955414 0.256836
0 0.201071 0.669525 0.0721933 0.0955414 0.276367
3 0.216717 0.589172 0.0293714 0.0681039 0.298828
0 0.483805 0.796178 0.0441943 0.077413 0.311523
0 0.124623 0.745468 0.101565 0.0847624 0.37207
0 0.49204 0.815042 0.0255284 0.044586 0.422607
0 0.390338 0.661196 0.0307439 0.0475257 0.658203
