0 0.314164 0.575453 0.0875652 0.0759432 0.104126
0 0.291243 0.740078 0.0252539 0.0436061 0.106628
0 0.157288 0.705536 0.0334889 0.0303773 0.108093
0 0.443865 0.88731 0.0175679 0.0862322 0.116333
0 0.216305 0.768006 0.0774087 0.0906418 0.121216
3 0.412572 0.620284 0.0296459 0.149927 0.187012
0 0.349849 0.625919 0.0299204 0.0720235 0.217896
0 0.418199 0.740078 0.0277244 0.0857423 0.220215
3 0.419435 0.739098 0.0285479 0.0837825 0.237793
0 0.323497 0.710436 0.0156464 0.0293974 0.271729
0 0.50247 0.862077 0.0743892 0.270946 0.341309
3 0.411611 0.56051 0.0260774 0.0764331 0.3479
0 0.295773 0.656541 0.0463903 0.0636943 0.373779
0 0.344496 0.548751 0.0301949 0.0293974 0.378906
0 0.413258 0.618079 0.0321164 0.161195 0.397461
0 0.512764 0.914748 0.0565468 0.167565 0.44751
0 0.20711 0.668545 0.118309 0.0965213 0.448975
0 0.294949 0.593582 0.0551743 0.0494855 0.486328
0 0.136563 0.874326 0.0820752 0.118079 0.536621
0 0.407906 0.926262 0.0400769 0.135718 0.543945
0 0.201482 0.932141 0.0691738 0.135718 0.601562
0 0.279028 0.774375 0.0463903 0.105341 0.661133
0 0.106917 0.775845 0.145759 0.138658 0.719238
