0 0.529509 0.947575 0.011529 0.0411563 0.227539
0 0.249794 0.66536 0.0219599 0.0235179 0.228271
0 0.26997 0.916952 0.0326654 0.143557 0.229492
0 0.468707 0.646007 0.0172934 0.0837825 0.230103
0 0.446198 0.591377 0.0189404 0.033317 0.253906
0 0.534999 0.792994 0.0197639 0.0455659 0.280029
0 0.58633 0.88535 0.0444688 0.100931 0.299072
0 0.203267 0.685448 0.0875652 0.0725135 0.326172
0 0.568762 0.850808 0.0148229 0.0426262 0.33374
0 0.2465 0.756492 0.0461158 0.0627144 0.344238
0 0.370848 0.578883 0.0461158 0.0455659 0.371338
0 0.369476 0.714356 0.0323909 0.0970113 0.437256
0 0.182267 0.700637 0.0488608 0.0431161 0.496582
0 0.174993 0.844929 0.0694483 0.127878 0.509766
0 0.288224 0.869182 0.0730167 0.2244 0.70459
0 0.580291 0.935326 0.0362339 0.11465 0.726074
3 0.424376 0.825086 0.0938787 0.33611 0.780762
