0 0.208356 0.636252 0.0517808 0.047456 0.207886
0 0.351918 0.623777 0.00849315 0.0156556 0.277588
0 0.356164 0.607387 0.0131507 0.0366928 0.2854
0 0.36863 0.850294 0.0134247 0.0469667 0.348877
0 0.221644 0.627446 0.0252055 0.0308219 0.375244
0 0.384795 0.786937 0.0106849 0.0719178 0.377441
0 0.358356 0.600538 0.00931507 0.0220157 0.44458
0 0.275616 0.582192 0.029589 0.0254403 0.448486
0 0.188356 0.65411 0.0906849 0.0841487 0.5
0 0.376164 0.812622 0.0268493 0.123288 0.64209
0 0.410411 0.607143 0.0175342 0.0342466 0.672363
