0 0.268048 0.618814 0.0721933 0.0725135 0.227661
0 0.204776 0.858403 0.144935 0.277315 0.256592
1 0.304694 0.715336 0.0433708 0.0176384 0.327393
0 0.312654 0.737384 0.0153719 0.0362567 0.3479
0 0.285204 0.77609 0.0269009 0.0499755 0.552734
0 0.246363 0.769966 0.0568213 0.101421 0.599121
0 0.296459 0.757717 0.0472138 0.0808427 0.60498
0 0.189953 0.806222 0.0269009 0.0485056 0.641602
0 0.434257 0.657276 0.0164699 0.0632043 0.772461
0 0.460472 0.927976 0.0304694 0.135228 0.786133
0 0.505353 0.913278 0.0527038 0.165605 0.814453
0 0.173895 0.912543 0.0864672 0.167075 0.838867
