1 0.403151 0.757094 0.293973 0.0337573 0.227661
0 0.433836 0.575098 0.0221918 0.0366928 0.239014
0 0.0152055 0.892857 0.030411 0.0616438 0.272461
1 0.0593151 0.849315 0.103836 0.0234834 0.3125
0 0.576438 0.793787 0.212055 0.386008 0.420654
0 0.0150685 0.928816 0.029589 0.130626 0.436768
0 0.0836986 0.755382 0.039726 0.0293542 0.599609
0 0.61589 0.873043 0.14137 0.236301 0.620117
0 0.309041 0.635274 0.060274 0.0924658 0.737305
0 0.424795 0.662671 0.0369863 0.101272 0.775879
0 0.117397 0.937622 0.0578082 0.118885 0.840332
