0 0.234148 0.762861 0.0697228 0.127389 0.233521
0 0.414494 0.645272 0.0148229 0.0205781 0.240723
0 0.328575 0.578638 0.0345869 0.0176384 0.241577
0 0.273676 0.607545 0.0378809 0.0342969 0.258301
0 0.39322 0.930671 0.0249794 0.133758 0.273438
0 0.372907 0.592847 0.0222344 0.0450759 0.300293
0 0.0360966 0.819941 0.0678013 0.0808427 0.301758
0 0.358633 0.642332 0.0205874 0.0607545 0.354004
0 0.0750755 0.758207 0.14521 0.121999 0.365479
0 0.235246 0.650416 0.0461158 0.0426262 0.412109
1 0.267088 0.852278 0.164699 0.033807 0.460693
0 0.218364 0.67124 0.0749382 0.0783929 0.477783
0 0.389514 0.958599 0.0148229 0.077903 0.572266
0 0.303459 0.60828 0.0271754 0.0279275 0.636719
0 0.254872 0.728564 0.108427 0.181284 0.648438
0 0.166621 0.737874 0.0527038 0.0450759 0.701172
0 0.135191 0.922832 0.0930552 0.142577 0.705078
0 0.346006 0.702842 0.0463903 0.184713 0.744141
0 0.2535 0.960069 0.0447433 0.0749633 0.78125
0 0.391024 0.765556 0.0227834 0.0896619 0.823242
