0 0.188082 0.659002 0.0545205 0.037182 0.213989
0 0.400137 0.578523 0.00794521 0.0318004 0.216797
0 0.390137 0.550636 0.0180822 0.0190802 0.229004
0 0.160411 0.676614 0.0747945 0.0577299 0.271973
0 0.239726 0.625734 0.0208219 0.0234834 0.280518
0 0.139452 0.693493 0.0383562 0.0308219 0.291504
0 0.132466 0.74364 0.0408219 0.037182 0.306396
0 0.380274 0.582436 0.0120548 0.0220157 0.35083
0 0.0745206 0.819472 0.149041 0.181996 0.366943
0 0.439178 0.821673 0.0394521 0.329256 0.384521
0 0.0980822 0.779354 0.106849 0.100783 0.401123
1 0.324658 0.61546 0.167671 0.0381605 0.414795
0 0.36863 0.670499 0.0452055 0.0513699 0.451172
0 0.376164 0.630626 0.020274 0.0401174 0.460449
0 0.414658 0.639432 0.0326027 0.0303327 0.47876
0 0.446438 0.743151 0.0254795 0.179061 0.490479
0 0.59137 0.918542 0.0632877 0.153131 0.501953
0 0.0734247 0.745352 0.146849 0.118885 0.576172
0 0.413836 0.590509 0.0167123 0.0675147 0.656738
0 0.17589 0.703278 0.0493151 0.0484344 0.727539
0 0.430137 0.903131 0.0263014 0.157534 0.730957
0 0.389315 0.841977 0.0367123 0.312133 0.776367
0 0.225616 0.666096 0.0435616 0.0513699 0.808105
0 0.48274 0.915607 0.029589 0.162916 0.818359
0 0.296986 0.836106 0.0887671 0.318004 0.915039
