0 0.186385 0.829495 0.0587428 0.0627144 0.21875
0 0.200933 0.795933 0.0790557 0.138658 0.230347
0 0.378946 0.598481 0.0699973 0.077903 0.254883
0 0.116799 0.926262 0.0667033 0.136698 0.281982
0 0.405847 0.580598 0.0194894 0.0382166 0.306396
0 0.064919 0.929936 0.102388 0.126409 0.326904
0 0.0717815 0.843459 0.139171 0.167075 0.35791
0 0.383201 0.55463 0.0395279 0.0254777 0.360352
0 0.36275 0.613425 0.0387044 0.0480157 0.476562
0 0.122289 0.853748 0.223168 0.281725 0.614258
0 0.24499 0.670995 0.0782322 0.0788829 0.689453
0 0.352182 0.700392 0.0400769 0.11612 0.73877
