0 0.35232 0.565654 0.0172934 0.0171485 0.202881
1 0.333242 0.755267 0.151523 0.0602646 0.205933
0 0.424376 0.602891 0.00658798 0.0161685 0.213379
0 0.54941 0.881676 0.0798792 0.22195 0.242065
0 0.469942 0.868447 0.0279989 0.167075 0.252686
0 0.417513 0.570309 0.00933297 0.0235179 0.25708
0 0.367554 0.571289 0.0164699 0.0284174 0.282715
0 0.318282 0.600196 0.0288224 0.033317 0.294434
0 0.375789 0.640372 0.0181169 0.0264576 0.34082
0 0.447433 0.656296 0.0263519 0.0965213 0.351562
1 0.203541 0.808182 0.407082 0.158256 0.354248
0 0.0204502 0.933856 0.0409004 0.117589 0.404053
1 0.14919 0.77217 0.147955 0.055855 0.476074
0 0.0356849 0.83317 0.0708207 0.0730034 0.556152
0 0.392259 0.578638 0.0236069 0.0323371 0.568359
0 0.461021 0.804508 0.0436453 0.292014 0.626465
0 0.216854 0.853748 0.0746637 0.139637 0.655273
0 0.371123 0.688633 0.0290969 0.0730034 0.670898
0 0.282459 0.731504 0.0472138 0.0656541 0.671875
0 0.418611 0.698922 0.012078 0.067124 0.691406
0 0.411474 0.634248 0.0164699 0.0681039 0.703125
0 0.409827 0.78197 0.0208619 0.0646742 0.757812
0 0.434257 0.962273 0.0247049 0.0705537 0.818359
0 0.359594 0.900049 0.0461158 0.196962 0.865723
