0 0.192561 0.72048 0.164425 0.146497 0.233276
0 0.38924 0.563939 0.00878397 0.0166585 0.247803
0 0.236206 0.750367 0.0359594 0.0641842 0.274414
0 0.360966 0.635718 0.0225089 0.0465458 0.370117
0 0.220148 0.686428 0.108153 0.0970113 0.375244
0 0.077546 0.893435 0.155092 0.178834 0.524414
0 0.0864672 0.792994 0.123525 0.11024 0.532227
0 0.259402 0.721215 0.0790557 0.11661 0.615723
0 0.33983 0.650171 0.0598408 0.066634 0.641602
0 0.370848 0.690348 0.0142739 0.0382166 0.687988
0 0.296871 0.842969 0.123799 0.311122 0.829102
0 0.471727 0.886085 0.0419984 0.21999 0.873047
