0 0.324458 0.634983 0.0477628 0.0460559 0.224854
1 0.505764 0.841254 0.101839 0.0362567 0.225098
3 0.506176 0.55708 0.0428219 0.0676139 0.243774
0 0.429454 0.936796 0.0326654 0.117589 0.259033
0 0.459786 0.562469 0.0148229 0.0195982 0.302979
0 0.339693 0.780255 0.111721 0.211171 0.320312
0 0.307302 0.652131 0.0150974 0.0176384 0.355469
0 0.191463 0.752327 0.168268 0.142577 0.373291
0 0.336399 0.625429 0.0282734 0.0308672 0.408691
0 0.307851 0.833905 0.0414494 0.117589 0.435059
1 0.171836 0.841989 0.10431 0.0367467 0.476562
0 0.188306 0.874326 0.0164699 0.033807 0.479736
0 0.494236 0.621019 0.0139995 0.0387065 0.503906
0 0.51894 0.540911 0.0205874 0.0470358 0.52832
0 0.480648 0.584027 0.013176 0.0293974 0.540039
0 0.488471 0.656296 0.0277244 0.10926 0.543945
3 0.194071 0.748163 0.16964 0.139147 0.604004
0 0.382652 0.703332 0.0345869 0.0504655 0.641602
0 0.247324 0.918422 0.0763107 0.151396 0.730957
0 0.433708 0.881676 0.0422729 0.22783 0.787109
