0 0.136164 0.715998 0.0394521 0.0484344 0.216431
0 0.32863 0.596624 0.0090411 0.0161448 0.230347
0 0.28411 0.605675 0.0849315 0.0636008 0.344971
0 0.406438 0.681262 0.0117808 0.0406067 0.352051
0 0.302055 0.589775 0.0484932 0.0308219 0.388184
0 0.259863 0.62182 0.0347945 0.0342466 0.428467
0 0.424247 0.735323 0.0156164 0.0812133 0.479736
0 0.416712 0.717955 0.0290411 0.115949 0.579102
0 0.4 0.599315 0.0115068 0.0293542 0.618652
0 0.0864384 0.76272 0.141644 0.143836 0.641602
0 0.462466 0.681507 0.0509589 0.135029 0.645996
0 0.420822 0.649951 0.0169863 0.045499 0.758789
0 0.441233 0.791341 0.0139726 0.0631115 0.774414
0 0.341918 0.950832 0.0317808 0.0914873 0.789062
0 0.444795 0.903865 0.0386301 0.177593 0.812012
