0 0.439452 0.623043 0.0230137 0.0220157 0.206787
0 0.456438 0.673434 0.0230137 0.0278865 0.224487
0 0.378493 0.548434 0.0134247 0.0254403 0.253174
0 0.457123 0.650196 0.0221918 0.0655577 0.2771
3 0.41863 0.510763 0.0115068 0.0362035 0.281738
0 0.396027 0.511986 0.0128767 0.0259295 0.300293
1 0.306575 0.932485 0.611507 0.0704501 0.306641
0 0.456438 0.700342 0.0180822 0.0406067 0.349854
0 0.250959 0.751712 0.194521 0.309687 0.408691
0 0.217945 0.811888 0.132877 0.212818 0.409424
0 0.177534 0.975294 0.0378082 0.045499 0.434326
0 0.470274 0.777642 0.0452055 0.278376 0.450928
1 0.0708219 0.977984 0.138356 0.0440313 0.454102
1 0.0738356 0.944227 0.146027 0.0547945 0.514648
0 0.477397 0.829012 0.0320548 0.177593 0.552734
0 0.433014 0.573141 0.0123288 0.0357143 0.628906
0 0.220548 0.879403 0.0372603 0.0865949 0.697754
