0 0.186849 0.805284 0.0772603 0.0792564 0.242798
0 0.0172603 0.929305 0.0334247 0.0308219 0.249512
0 0.371644 0.613014 0.0172603 0.0283757 0.261475
0 0.247534 0.705969 0.0167123 0.035225 0.283936
0 0.0763014 0.747554 0.143288 0.108611 0.302002
0 0.363425 0.670988 0.00684932 0.0229941 0.315918
0 0.347397 0.579501 0.0241096 0.0396282 0.356201
0 0.22863 0.635763 0.0287671 0.0239726 0.36499
0 0.241233 0.743151 0.0336986 0.055773 0.366211
0 0.11589 0.721135 0.0613699 0.0567515 0.44458
0 0.203562 0.783268 0.109589 0.120352 0.456543
0 0.0435616 0.77911 0.0827397 0.0719178 0.461914
0 0.199178 0.672456 0.0350685 0.0318004 0.463135
0 0.0167123 0.954501 0.0323288 0.0763209 0.476807
0 0.276301 0.661204 0.0534247 0.0865949 0.502441
1 0.103014 0.9068 0.141918 0.0308219 0.602539
0 0.19411 0.756115 0.0578082 0.0689824 0.681152
0 0.353014 0.64726 0.0446575 0.0479452 0.733398
0 0.227534 0.686155 0.0271233 0.0533268 0.737305
0 0.10137 0.839041 0.140274 0.143836 0.763672
0 0.05 0.959638 0.0452055 0.0748532 0.782227
0 0.240959 0.92001 0.039726 0.150196 0.828125
0 0.30863 0.758317 0.0479452 0.149706 0.844238
