0 0.406027 0.795744 0.0465753 0.104207 0.250488
0 0.419452 0.818004 0.0180822 0.0704501 0.256836
0 0.354795 0.568982 0.0334247 0.0489237 0.303955
0 0.325479 0.619129 0.0219178 0.0396282 0.362793
1 0.404384 0.759296 0.0465753 0.0322896 0.414795
0 0.239452 0.769569 0.0591781 0.105675 0.49292
0 0.422466 0.648239 0.0169863 0.0381605 0.510742
0 0.293836 0.673924 0.0380822 0.0631115 0.547363
0 0.303699 0.654843 0.0572603 0.10225 0.550293
0 0.192877 0.852251 0.153425 0.282779 0.581055
0 0.443973 0.951566 0.0271233 0.0851272 0.788086
