0 0.375753 0.574609 0.0309589 0.0337573 0.212769
0 0.503699 0.787671 0.0134247 0.0469667 0.231812
1 0.420822 0.768591 0.0564384 0.0205479 0.235352
0 0.442055 0.588063 0.0172603 0.0587084 0.265869
1 0.467945 0.739971 0.029589 0.0181018 0.306885
0 0.393836 0.74364 0.0106849 0.0440313 0.316895
1 0.350137 0.600049 0.152329 0.0278865 0.394287
0 0.499178 0.761252 0.0257534 0.104697 0.423828
0 0.409863 0.739481 0.0427397 0.0523483 0.434814
0 0.498356 0.729452 0.0230137 0.0479452 0.457275
0 0.469041 0.686155 0.00821918 0.0386497 0.466553
0 0.437397 0.65998 0.0238356 0.100783 0.467041
0 0.344521 0.972847 0.0134247 0.0484344 0.469971
1 0.257397 0.949364 0.186027 0.0484344 0.504395
0 0.442329 0.731898 0.0238356 0.0587084 0.608398
0 0.213151 0.795988 0.116712 0.159491 0.63916
1 0.385753 0.830235 0.133699 0.0322896 0.649902
0 0.528493 0.952299 0.0279452 0.0885519 0.693359
0 0.274658 0.652642 0.0972603 0.111546 0.811523
0 0.459726 0.841243 0.0263014 0.183464 0.835938
0 0.481918 0.658268 0.029589 0.06409 0.839355
