0 0.188219 0.680528 0.0542466 0.0391389 0.201416
0 0.0932877 0.726027 0.0912329 0.0792564 0.204102
3 0.436301 0.892123 0.125753 0.209883 0.215942
0 0.394384 0.830479 0.0156164 0.0748532 0.305664
3 0.260822 0.5932 0.0591781 0.0582192 0.385254
0 0.212329 0.634051 0.0389041 0.035225 0.408203
0 0.431644 0.975783 0.0106849 0.045499 0.471191
0 0.452192 0.784247 0.0139726 0.0440313 0.490234
0 0.426712 0.910959 0.0156164 0.0469667 0.503906
0 0.318219 0.589286 0.0183562 0.0396282 0.536133
0 0.476027 0.864726 0.0106849 0.045499 0.537598
0 0.487671 0.747554 0.0421918 0.0802348 0.667969
0 0.393288 0.889188 0.0326027 0.189335 0.687012
0 0.471507 0.942759 0.0443836 0.108611 0.739746
0 0.561644 0.906067 0.0673973 0.120352 0.771973
