3 0.342575 0.565164 0.0527038 0.0455659 0.244263
0 0.347653 0.564184 0.0425474 0.0426262 0.256836
0 0.105133 0.822881 0.204776 0.172954 0.284668
0 0.558057 0.878001 0.0428219 0.232239 0.303955
1 0.333516 0.701617 0.170189 0.0382166 0.389648
1 0.262558 0.709946 0.298929 0.0568349 0.42627
0 0.485177 0.962518 0.0172934 0.0690838 0.446533
0 0.0653308 0.862567 0.129015 0.11318 0.527832
0 0.377299 0.72293 0.0189404 0.0720235 0.564941
0 0.212325 0.674179 0.0820752 0.0725135 0.638672
0 0.270656 0.680059 0.0362339 0.0411563 0.67041
0 0.580977 0.817001 0.0721933 0.11318 0.700195
0 0.363848 0.66536 0.0222344 0.0401764 0.705566
0 0.504941 0.656296 0.0491353 0.0975012 0.722168
0 0.444551 0.580598 0.0139995 0.0460559 0.757324
0 0.246088 0.855953 0.156739 0.268496 0.759766
3 0.424787 0.798138 0.133132 0.400784 0.805176
0 0.516333 0.938756 0.0279989 0.11465 0.833008
0 0.111309 0.919647 0.0590173 0.0793729 0.835449
