0 0.376575 0.556996 0.0139726 0.028865 0.202759
0 0.299452 0.678816 0.0115068 0.0151663 0.217407
0 0.321096 0.635763 0.00767123 0.0132094 0.236572
0 0.367123 0.600294 0.0131507 0.0254403 0.248535
0 0.30411 0.636742 0.0186301 0.0484344 0.2854
0 0.271644 0.716732 0.0090411 0.0176125 0.32959
0 0.336438 0.935421 0.0213699 0.0283757 0.337891
0 0.154247 0.697652 0.0821918 0.0704501 0.466309
0 0.253699 0.759785 0.0252055 0.0264188 0.522949
0 0.395342 0.623777 0.0109589 0.0381605 0.580078
0 0.166712 0.977495 0.0227397 0.0410959 0.623047
0 0.0717808 0.748043 0.100274 0.0821918 0.658203
0 0.37274 0.97138 0.0172603 0.0543053 0.670898
0 0.227945 0.82363 0.0246575 0.0513699 0.752441
0 0.223425 0.776908 0.0315068 0.0675147 0.794922
3 0.407534 0.79501 0.0912329 0.278865 0.850098
