0 0.0146575 0.890656 0.0293151 0.164873 0.226807
0 0.410411 0.84271 0.0317808 0.313601 0.256348
0 0.34726 0.558219 0.0128767 0.035225 0.330322
0 0.439452 0.647994 0.019726 0.0229941 0.35376
0 0.0149315 0.841977 0.029863 0.0704501 0.359375
0 0.0872603 0.724804 0.165753 0.137476 0.368164
0 0.405479 0.782534 0.0273973 0.177593 0.372314
0 0.164384 0.664139 0.113973 0.0934442 0.372803
0 0.0547945 0.754648 0.109589 0.0895303 0.469238
0 0.397945 0.629158 0.0123288 0.0587084 0.480469
0 0.135342 0.684442 0.0569863 0.0499022 0.499268
0 0.431644 0.667074 0.0287671 0.0523483 0.570801
0 0.200959 0.634785 0.0386301 0.0318004 0.59375
0 0.419178 0.956703 0.0252055 0.082681 0.601074
0 0.329315 0.619129 0.0542466 0.0836595 0.613281
0 0.24137 0.670254 0.0372603 0.0528376 0.681152
0 0.477397 0.735568 0.0123288 0.0543053 0.70459
0 0.298219 0.795988 0.11589 0.408023 0.705078
0 0.264795 0.61864 0.0479452 0.0494129 0.733887
0 0.362603 0.820939 0.0276712 0.337573 0.753418
0 0.499589 0.853229 0.079726 0.184932 0.868164
