0 0.455616 0.624511 0.00493151 0.0210372 0.2229
2 0.274384 0.706703 0.050137 0.0543053 0.224243
2 0.101233 0.926614 0.0353425 0.035225 0.233887
2 0.204521 0.858855 0.0287671 0.0366928 0.244141
2 0.21589 0.84638 0.0531507 0.0616438 0.249023
0 0.240685 0.72138 0.0260274 0.0376712 0.263184
0 0.274658 0.705969 0.0479452 0.0528376 0.275146
0 0.28863 0.943493 0.030411 0.103229 0.29126
2 0.424384 0.68591 0.0279452 0.0176125 0.345459
2 0.177123 0.753425 0.0189041 0.0176125 0.482422
2 0.215205 0.731654 0.0315068 0.026908 0.599121
2 0.0575342 0.95817 0.0460274 0.0533268 0.672852
2 0.0282192 0.889922 0.0432877 0.0410959 0.675293
0 0.239863 0.809687 0.0978082 0.135029 0.793945
