0 0.345457 0.683488 0.0304694 0.077413 0.249023
0 0.492589 0.88976 0.0392534 0.214601 0.251709
0 0.444139 0.545811 0.011529 0.0166585 0.262695
0 0.461845 0.865507 0.0156464 0.0524253 0.308594
0 0.255833 0.653356 0.0807027 0.0808427 0.310303
3 0.455943 0.803283 0.124074 0.387555 0.370605
3 0.367005 0.631308 0.0455668 0.127878 0.385254
0 0.390612 0.820186 0.0258029 0.348849 0.393555
0 0.239226 0.673689 0.0518803 0.0519353 0.483398
0 0.309772 0.682019 0.0238814 0.0470358 0.516602
0 0.44661 0.82876 0.0411749 0.117099 0.544922
0 0.451002 0.656051 0.013176 0.0499755 0.572266
