0 0.396788 0.573248 0.00960747 0.0235179 0.209106
0 0.524705 0.938266 0.0123525 0.0264576 0.210693
0 0.325419 0.786869 0.0897612 0.33023 0.242676
0 0.332007 0.980157 0.0112545 0.0367467 0.246948
0 0.43261 0.578883 0.0230579 0.0935816 0.281494
0 0.427121 0.602156 0.011529 0.0470358 0.2854
1 0.0171562 0.868937 0.0343124 0.0191083 0.297363
0 0.398847 0.568104 0.013725 0.0367467 0.303955
0 0.440022 0.555365 0.011529 0.0455659 0.433838
0 0.420121 0.708476 0.0255284 0.11563 0.454102
0 0.473785 0.962273 0.0197639 0.0734934 0.490967
1 0.256382 0.969868 0.271754 0.0514454 0.5
0 0.303733 0.853013 0.0469393 0.196962 0.544922
0 0.383063 0.603871 0.0172934 0.0396864 0.678223
0 0.415866 0.768496 0.0367829 0.243508 0.788086
0 0.250618 0.612935 0.159758 0.134248 0.805176
0 0.349849 0.706271 0.0381554 0.149437 0.813965
