0 0.40137 0.709393 0.00821918 0.0410959 0.274658
0 0.336164 0.771037 0.00931507 0.0293542 0.334717
0 0.184384 0.97456 0.030137 0.0440313 0.436279
0 0.115068 0.818493 0.11726 0.161448 0.479736
0 0.22411 0.725049 0.0323288 0.0606654 0.52832
0 0.228219 0.902397 0.0389041 0.0914873 0.555176
0 0.172466 0.78865 0.0249315 0.0440313 0.604492
0 0.309041 0.762965 0.0273973 0.0748532 0.631836
0 0.309178 0.811155 0.0276712 0.172211 0.681641
0 0.209726 0.925881 0.0769863 0.139432 0.737305
0 0.0864384 0.862769 0.172877 0.25 0.755859
