0 0.301674 0.656051 0.0702718 0.0460559 0.204102
0 0.0484491 0.915483 0.0968982 0.152376 0.229736
0 0.409415 0.618569 0.0332144 0.0318471 0.238281
0 0.378946 0.61318 0.0579193 0.0475257 0.288818
0 0.446198 0.77315 0.0139995 0.0676139 0.361084
0 0.288224 0.647477 0.0450178 0.032827 0.404297
0 0.387455 0.636208 0.0727422 0.0592847 0.415527
0 0.166484 0.784909 0.327477 0.295933 0.514648
0 0.430689 0.577168 0.0269009 0.0372366 0.537109
0 0.383201 0.677609 0.0181169 0.033317 0.556152
0 0.458962 0.866977 0.0395279 0.258207 0.608398
0 0.371946 0.832435 0.0241559 0.135228 0.720703
0 0.385946 0.72538 0.0411749 0.0583048 0.739258
0 0.430003 0.66144 0.0189404 0.0499755 0.739258
