1 0.268356 0.776908 0.209589 0.0293542 0.209106
0 0.0815068 0.757094 0.06 0.0513699 0.220337
0 0.286438 0.657534 0.0282192 0.0391389 0.251221
1 0.495068 0.965753 0.0739726 0.0322896 0.260498
1 0.449452 0.779843 0.0567123 0.0234834 0.27832
0 0.38589 0.732387 0.0172603 0.0459883 0.314209
2 0.416301 0.867661 0.0227397 0.0249511 0.320312
1 0.137397 0.790851 0.159726 0.0249511 0.339844
1 0.488493 0.769569 0.139726 0.0469667 0.376465
0 0.371781 0.719912 0.0169863 0.0905088 0.384766
0 0.393973 0.638209 0.0158904 0.0484344 0.411621
3 0.195753 0.880382 0.116986 0.159002 0.423584
1 0.350137 0.86546 0.120548 0.0264188 0.454102
1 0.266438 0.725538 0.171781 0.0332681 0.501465
3 0.420137 0.893591 0.107671 0.185421 0.683105
