1 0.216712 0.632094 0.192329 0.0616438 0.231201
0 0.336301 0.593933 0.00958904 0.0283757 0.261963
0 0.306986 0.656067 0.0210959 0.0362035 0.282715
0 0.449041 0.59956 0.0115068 0.0249511 0.284668
0 0.363151 0.618395 0.0243836 0.0322896 0.297119
0 0.308493 0.672945 0.0230137 0.066047 0.313232
1 0.33726 0.778131 0.343014 0.0601761 0.351807
0 0.0230137 0.793542 0.0460274 0.0792564 0.362061
1 0.413699 0.762965 0.187397 0.0278865 0.373291
1 0.528904 0.795254 0.0254795 0.0190802 0.41748
1 0.232603 0.790117 0.11726 0.0381605 0.446533
1 0.33411 0.716487 0.0309589 0.0200587 0.448242
0 0.307123 0.714041 0.0339726 0.128669 0.456299
1 0.42589 0.72407 0.112603 0.0273973 0.535645
0 0.35589 0.638209 0.0389041 0.0748532 0.742676
0 0.48274 0.672945 0.0750685 0.159002 0.773438
0 0.514931 0.800881 0.0205479 0.0792564 0.819824
0 0.257808 0.862769 0.0832877 0.151174 0.85791
