0 0.205479 0.596135 0.0147945 0.0181018 0.204102
0 0.360548 0.67637 0.0284932 0.0396282 0.215454
0 0.360548 0.738503 0.0142466 0.0924658 0.296631
3 0.396164 0.824609 0.0958904 0.341977 0.390869
0 0.346438 0.662182 0.0265753 0.0484344 0.401855
0 0.418356 0.886252 0.0306849 0.221624 0.49707
0 0.278904 0.563112 0.0147945 0.0401174 0.543457
0 0.391096 0.72089 0.029863 0.104207 0.589844
0 0.272055 0.615215 0.0153425 0.0337573 0.601562
0 0.413973 0.721869 0.0312329 0.0993151 0.703613
0 0.218493 0.651174 0.029863 0.0459883 0.746094
0 0.38411 0.822896 0.0180822 0.090998 0.785156
