0 0.435068 0.733366 0.0131507 0.0675147 0.251709
0 0.417123 0.86864 0.010137 0.0396282 0.29248
0 0.407534 0.881115 0.0238356 0.0645793 0.332275
0 0.401918 0.896526 0.0131507 0.0337573 0.341797
0 0.409726 0.9841 0.0145205 0.0278865 0.356689
0 0.427945 0.746086 0.0257534 0.109589 0.422119
0 0.420411 0.781067 0.00958904 0.0366928 0.460449
0 0.428904 0.942759 0.0106849 0.0440313 0.484375
0 0.318767 0.718444 0.0271233 0.0376712 0.505859
0 0.278219 0.75636 0.0271233 0.0410959 0.624023
0 0.239315 0.956703 0.0287671 0.0533268 0.744629
0 0.471918 0.928816 0.0238356 0.138454 0.833008
