0 0.139995 0.83023 0.0285479 0.033807 0.261963
1 0.058331 0.798628 0.0875652 0.0235179 0.282715
0 0.115152 0.731749 0.0376064 0.0396864 0.293701
0 0.348751 0.565164 0.0118035 0.0514454 0.301758
0 0.0398024 0.767026 0.0741147 0.0602646 0.303711
0 0.393083 0.637923 0.01098 0.0352768 0.309814
0 0.417239 0.697452 0.0230579 0.0955414 0.311035
0 0.141367 0.704312 0.0905847 0.0945615 0.320557
0 0.575762 0.935326 0.0337634 0.120529 0.382324
0 0.468844 0.7195 0.0148229 0.0259677 0.45874
0 0.420807 0.819696 0.0351359 0.352768 0.505859
0 0.166209 0.78246 0.0776832 0.129348 0.542969
0 0.31389 0.66928 0.0820752 0.143067 0.560059
0 0.196953 0.728809 0.155092 0.22489 0.654297
0 0.455531 0.769231 0.0222344 0.055855 0.694336
0 0.391985 0.666095 0.0148229 0.0945615 0.699707
0 0.376475 0.853748 0.0277244 0.283684 0.723145
0 0.235932 0.657031 0.0765852 0.0803528 0.736816
0 0.481471 0.784909 0.0378809 0.099951 0.808594
0 0.442767 0.704802 0.0312929 0.066144 0.830078
0 0.293302 0.799363 0.132034 0.387555 0.881836
