0 0.0108427 0.814062 0.0216854 0.0426262 0.206787
0 0.179248 0.681529 0.0477628 0.0529152 0.271484
0 0.469531 0.676384 0.0156464 0.0396864 0.294434
0 0.43714 0.567369 0.00576448 0.0176384 0.305664
0 0.218501 0.683978 0.0356849 0.0342969 0.318848
0 0.501647 0.748163 0.0271754 0.10877 0.335449
0 0.236481 0.672464 0.0650563 0.0612445 0.336426
0 0.19311 0.66977 0.0710953 0.0705537 0.40332
0 0.36275 0.568839 0.0139995 0.0205781 0.40332
0 0.206835 0.839784 0.0441943 0.0529152 0.406738
0 0.332418 0.699902 0.01098 0.0161685 0.409912
0 0.362888 0.72489 0.013176 0.0289074 0.421875
0 0.351222 0.656786 0.0216854 0.0269476 0.464844
0 0.302086 0.607545 0.0727422 0.0685938 0.589355
1 0.346418 0.714111 0.278342 0.0426262 0.619629
0 0.0393906 0.916952 0.0776832 0.143557 0.662109
0 0.224952 0.812592 0.0749382 0.101421 0.687012
0 0.258029 0.958599 0.0203129 0.0720235 0.700684
0 0.502059 0.896374 0.0598408 0.192553 0.71582
0 0.0934669 0.783195 0.141916 0.121999 0.788086
0 0.183365 0.766046 0.0543508 0.0788829 0.788086
