0 0.477491 0.61318 0.0123525 0.0191083 0.206299
0 0.378946 0.572024 0.0293714 0.0269476 0.209595
0 0.168268 0.832435 0.176777 0.168545 0.23584
0 0.460884 0.607545 0.0230579 0.0431161 0.23938
0 0.494647 0.55218 0.0153719 0.0597746 0.260742
3 0.468295 0.552915 0.0230579 0.0485056 0.344482
0 0.488471 0.628368 0.0107055 0.0485056 0.42334
0 0.234148 0.798628 0.283283 0.286134 0.43335
3 0.472825 0.582803 0.0518803 0.1073 0.439209
0 0.417513 0.638902 0.0614878 0.0411563 0.452393
0 0.0543508 0.911073 0.108153 0.11024 0.552734
0 0.500823 0.951249 0.0255284 0.0896619 0.60498
0 0.16964 0.916218 0.116388 0.156786 0.681641
0 0.418337 0.836355 0.130662 0.324351 0.836426
