0 0.380548 0.621086 0.0153425 0.0259295 0.220581
0 0.44726 0.619374 0.0090411 0.0225049 0.250244
0 0.40863 0.542319 0.0139726 0.0161448 0.304443
0 0.247397 0.974315 0.0153425 0.0425636 0.348633
0 0.249178 0.810665 0.0347945 0.0645793 0.419922
0 0.307945 0.670499 0.0312329 0.0366928 0.463135
0 0.456027 0.659247 0.0123288 0.0366928 0.543945
0 0.262466 0.911937 0.0482192 0.164384 0.617676
0 0.297123 0.841487 0.0254795 0.055773 0.62793
0 0.251507 0.752691 0.0876712 0.115949 0.726074
0 0.27274 0.630382 0.0583562 0.045499 0.744141
0 0.0594521 0.847358 0.118904 0.143836 0.757812
0 0.33726 0.691781 0.0821918 0.146771 0.780762
0 0.409863 0.704256 0.0246575 0.160959 0.802246
