0 0.441532 0.586722 0.0172934 0.0308672 0.203613
0 0.306341 0.733464 0.0516058 0.0450759 0.230347
0 0.0673895 0.827291 0.132583 0.174914 0.282227
1 0.268048 0.753552 0.125446 0.0803528 0.306885
3 0.457727 0.806222 0.119956 0.375796 0.37793
0 0.4112 0.574473 0.00768597 0.0181284 0.402344
1 0.370848 0.733219 0.0614878 0.044586 0.441406
0 0.424787 0.844929 0.0310184 0.11024 0.441895
3 0.441669 0.721705 0.0774087 0.215581 0.529785
0 0.428905 0.89417 0.0392534 0.200882 0.537598
0 0.527862 0.768741 0.0181169 0.0470358 0.572754
0 0.343536 0.686673 0.0260774 0.0504655 0.577637
0 0.52745 0.94243 0.0354104 0.1073 0.583984
0 0.475021 0.658256 0.0238814 0.0602646 0.587402
3 0.0669778 0.829495 0.133956 0.179324 0.694336
0 0.481609 0.920627 0.0271754 0.141107 0.694824
0 0.433434 0.949045 0.0329399 0.0970113 0.701172
0 0.202992 0.669525 0.0809772 0.0681039 0.717773
