0 0.395068 0.806996 0.0147945 0.0278865 0.212158
2 0.429589 0.806262 0.0164384 0.0293542 0.213745
3 0.394658 0.648973 0.0594521 0.162916 0.230957
0 0.388219 0.592466 0.010411 0.0322896 0.261719
0 0.442466 0.897505 0.0432877 0.20499 0.310303
0 0.353699 0.901663 0.0115068 0.0381605 0.341797
1 0.492192 0.812133 0.11589 0.0264188 0.344482
0 0.165068 0.781311 0.209589 0.264188 0.350342
0 0.357945 0.619618 0.02 0.0386497 0.364746
0 0.393973 0.72089 0.0180822 0.0298434 0.395508
0 0.428767 0.848826 0.0175342 0.114481 0.436035
0 0.314795 0.972113 0.0186301 0.0518591 0.449219
0 0.293151 0.639677 0.0213699 0.0278865 0.484131
0 0.492192 0.835616 0.0232877 0.181996 0.526367
0 0.389726 0.777153 0.0221918 0.0875734 0.572266
0 0.215479 0.722113 0.112603 0.142857 0.615234
1 0.459315 0.731409 0.0890411 0.0332681 0.641113
1 0.314247 0.930284 0.143562 0.124755 0.733398
1 0.526712 0.944227 0.171781 0.0753425 0.793457
