0 0.366456 0.678589 0.0279989 0.121509 0.202515
0 0.38924 0.954924 0.0208619 0.0734934 0.203613
1 0.336399 0.623959 0.195718 0.0298873 0.234497
0 0.164562 0.812592 0.218776 0.302303 0.372559
0 0.196404 0.756002 0.153445 0.193043 0.415039
0 0.12874 0.858158 0.0356849 0.0494855 0.464844
1 0.297008 0.822881 0.573703 0.0730034 0.498779
0 0.359868 0.714356 0.013176 0.0480157 0.51709
3 0.412298 0.77315 0.0543508 0.099951 0.708008
0 0.373868 0.925527 0.0521548 0.135228 0.73291
0 0.210541 0.897844 0.0889377 0.198432 0.759766
0 0.290832 0.679079 0.0436453 0.0862322 0.804688
0 0.0447433 0.905194 0.0894867 0.170015 0.844238
