0 0.187071 0.695982 0.0864672 0.0739833 0.202759
3 0.314164 0.578393 0.0842712 0.0808427 0.207886
0 0.413533 0.739343 0.0216854 0.0793729 0.230835
0 0.346143 0.629838 0.0247049 0.0583048 0.235352
3 0.413258 0.563204 0.0260774 0.0769231 0.274414
0 0.0768597 0.813327 0.150974 0.167565 0.30957
0 0.208619 0.674179 0.122427 0.0960314 0.312988
0 0.414905 0.61269 0.0310184 0.170995 0.31665
0 0.29193 0.597011 0.0496843 0.044586 0.333252
0 0.311145 0.577903 0.0809772 0.0739833 0.338379
3 0.414905 0.61122 0.0304694 0.171975 0.438721
0 0.115701 0.765066 0.214384 0.183733 0.439941
0 0.13423 0.878001 0.0796047 0.11563 0.544434
0 0.407906 0.918422 0.0411749 0.151396 0.547852
3 0.461433 0.846399 0.155915 0.296423 0.584961
0 0.203678 0.932876 0.0603898 0.123469 0.717285
0 0.278205 0.772415 0.0480373 0.11024 0.72168
