0 0.379083 0.750122 0.0477628 0.099951 0.226196
0 0.304831 0.621999 0.0601153 0.066144 0.248901
0 0.323085 0.606565 0.0263519 0.0382166 0.309814
0 0.131897 0.816267 0.11227 0.127389 0.35498
0 0.418748 0.581088 0.0134505 0.0284174 0.400391
0 0.420807 0.672709 0.0269009 0.0725135 0.422607
0 0.357809 0.591377 0.0172934 0.0303773 0.47168
0 0.113094 0.899804 0.0247049 0.0367467 0.475342
0 0.421905 0.637678 0.0230579 0.0494855 0.489014
0 0.0306066 0.899314 0.0612133 0.101421 0.580566
1 0.359594 0.737139 0.0494098 0.0347869 0.581055
0 0.0960747 0.972807 0.0285479 0.0485056 0.609375
0 0.400769 0.604116 0.011529 0.0342969 0.615234
0 0.443179 0.77756 0.0172934 0.0676139 0.633789
0 0.465001 0.716316 0.0312929 0.0813327 0.63623
0 0.205874 0.736159 0.25199 0.272905 0.649902
0 0.348065 0.870652 0.108702 0.253797 0.680176
0 0.471727 0.879471 0.0238814 0.235179 0.686523
0 0.262009 0.792749 0.0381554 0.0970113 0.690918
0 0.195032 0.911808 0.0859182 0.165605 0.736816
0 0.333516 0.679814 0.0900357 0.134738 0.747559
0 0.0509196 0.935081 0.0985452 0.11318 0.814453
