0 0.640132 0.978687 0.0164699 0.0396864 0.200073
0 0.241971 0.581823 0.0238814 0.0485056 0.204224
3 0.191326 0.641107 0.0494098 0.0602646 0.213745
0 0.335987 0.645027 0.0236069 0.0416463 0.217285
0 0.197365 0.751837 0.0559978 0.11318 0.230713
0 0.217678 0.710926 0.0247049 0.0578148 0.272949
0 0.354241 0.72636 0.0260774 0.0612445 0.2771
3 0.263656 0.635473 0.0370574 0.0617344 0.303711
0 0.28095 0.576433 0.0123525 0.0298873 0.306396
3 0.207521 0.622979 0.0779577 0.0847624 0.334473
0 0.48106 0.820676 0.0601153 0.180304 0.34375
0 0.412572 0.859628 0.0236069 0.0818226 0.350586
0 0.376201 0.977952 0.0123525 0.0411563 0.380859
0 0.225226 0.832435 0.0310184 0.099951 0.411133
0 0.326105 0.94978 0.0164699 0.0955414 0.450195
0 0.330771 0.912543 0.0285479 0.170015 0.526855
0 0.183914 0.77805 0.0362339 0.0646742 0.562988
3 0.349575 0.646987 0.0546253 0.0945615 0.575195
0 0.412984 0.905928 0.0277244 0.167565 0.629395
0 0.410651 0.673934 0.0488608 0.100441 0.69873
