0 0.299178 0.560665 0.0169863 0.0146771 0.219971
0 0.312329 0.59638 0.0120548 0.0234834 0.249634
0 0.15589 0.694472 0.0876712 0.0719178 0.322754
2 0.399863 0.64408 0.0358904 0.0190802 0.374512
0 0.239315 0.701076 0.0682192 0.090998 0.380615
0 0.366301 0.579501 0.0213699 0.0689824 0.417969
0 0.287808 0.629892 0.0243836 0.045499 0.447754
0 0.0847945 0.708415 0.0736986 0.0645793 0.467041
0 0.0542466 0.792808 0.108493 0.126712 0.538574
2 0.378082 0.726517 0.0356164 0.0283757 0.641602
0 0.35589 0.637965 0.020274 0.0273973 0.706055
0 0.111644 0.870108 0.186027 0.252935 0.718262
0 0.325753 0.617172 0.0213699 0.0406067 0.790039
