0 0.395068 0.626468 0.0263014 0.130626 0.20752
0 0.394521 0.857387 0.0334247 0.162916 0.218262
0 0.39863 0.661937 0.0169863 0.0636008 0.252686
0 0.404795 0.899951 0.0156164 0.066047 0.258545
0 0.177534 0.639922 0.150685 0.109589 0.290283
0 0.233014 0.719912 0.0139726 0.028865 0.290771
0 0.484384 0.939824 0.0378082 0.113503 0.315918
0 0.0210959 0.789384 0.0421918 0.0983366 0.328369
0 0.365342 0.621575 0.0090411 0.0278865 0.370605
0 0.367397 0.932485 0.0263014 0.131115 0.543945
2 0.396575 0.724804 0.02 0.028865 0.568359
0 0.43 0.884785 0.0320548 0.220646 0.640625
0 0.462055 0.977495 0.0139726 0.0410959 0.719238
3 0.43137 0.82363 0.156438 0.342955 0.724121
