0 0.110274 0.829012 0.0978082 0.136497 0.204712
1 0.228356 0.80455 0.0490411 0.0132094 0.250977
0 0.257808 0.563356 0.0115068 0.0249511 0.325195
1 0.412603 0.764188 0.109589 0.0234834 0.402588
1 0.363425 0.927838 0.0534247 0.0220157 0.484375
1 0.327808 0.791341 0.323014 0.0807241 0.591797
0 0.294658 0.623288 0.0150685 0.0234834 0.677734
0 0.155068 0.664873 0.0871233 0.0684932 0.703613
0 0.0886301 0.706703 0.0550685 0.0503914 0.75
0 0.337808 0.903865 0.030137 0.188356 0.768555
0 0.0806849 0.870108 0.158082 0.221624 0.805176
0 0.228493 0.725783 0.0449315 0.0523483 0.854492
