0 0.0216854 0.842724 0.0433708 0.0793729 0.209106
0 0.331732 0.545811 0.0123525 0.0195982 0.214844
0 0.270793 0.688878 0.0463903 0.0960314 0.239746
0 0.356437 0.528907 0.0101565 0.0259677 0.255371
0 0.303459 0.55365 0.0189404 0.0254777 0.299805
0 0.513999 0.793484 0.0321164 0.0455659 0.337891
0 0.459237 0.925527 0.0181169 0.0382166 0.374268
1 0.513176 0.793484 0.0326654 0.0455659 0.468018
0 0.126407 0.727095 0.173758 0.184223 0.726074
0 0.243069 0.744978 0.102388 0.197452 0.742188
0 0.478177 0.838315 0.0214109 0.0803528 0.762695
0 0.440845 0.923567 0.0263519 0.149927 0.800293
