0 0.424752 0.715971 0.0212871 0.0461916 0.223022
0 0.393069 0.653071 0.0242574 0.0432432 0.223755
0 0.274629 0.594349 0.00816832 0.0181818 0.230103
0 0.280198 0.619165 0.00643564 0.0226044 0.244995
0 0.202599 0.826536 0.0259901 0.0815725 0.270508
0 0.278589 0.609337 0.0116337 0.0422604 0.312744
0 0.332673 0.534398 0.00940594 0.017199 0.334717
0 0.35099 0.642506 0.0163366 0.0604423 0.337646
0 0.245297 0.665602 0.0148515 0.0447174 0.455078
0 0.35953 0.758722 0.0185644 0.0609337 0.489746
0 0.173886 0.89312 0.0774752 0.207862 0.525879
0 0.337129 0.650123 0.0113861 0.0638821 0.621094
0 0.408663 0.684029 0.0534653 0.102211 0.651855
0 0.331064 0.580098 0.0116337 0.0594595 0.672363
0 0.206312 0.569779 0.0636139 0.0545455 0.701172
0 0.375619 0.800491 0.0507426 0.148403 0.741211
0 0.0810644 0.686978 0.162129 0.182801 0.74707
0 0.359282 0.671007 0.0329208 0.11941 0.763672
