0 0.405479 0.966243 0.00986301 0.0440313 0.264893
0 0.403425 0.942025 0.0134247 0.0914873 0.278564
0 0.197945 0.774706 0.030411 0.0308219 0.381592
0 0.423836 0.607632 0.0147945 0.0410959 0.447998
0 0.169041 0.829501 0.0893151 0.12182 0.536621
0 0.35137 0.598337 0.0331507 0.0410959 0.669434
0 0.0678082 0.939824 0.0928767 0.114481 0.677734
0 0.116849 0.885519 0.192603 0.226027 0.708008
0 0.43274 0.805773 0.0276712 0.274951 0.721191
0 0.398904 0.850049 0.0312329 0.0572407 0.726562
0 0.365068 0.955235 0.0161644 0.0885519 0.751953
