3 0.228932 0.713376 0.17513 0.143067 0.235718
0 0.545155 0.858158 0.0378809 0.146497 0.256592
3 0.13725 0.799363 0.264068 0.249388 0.266357
0 0.168817 0.89319 0.0384299 0.0499755 0.315674
3 0.332144 0.787359 0.132858 0.270456 0.342041
0 0.29742 0.856688 0.0645073 0.152376 0.364746
0 0.536097 0.690348 0.00988197 0.0323371 0.428223
0 0.470766 0.645272 0.0148229 0.0274375 0.464844
3 0.0811145 0.865507 0.162229 0.190593 0.505371
0 0.37277 0.712886 0.0516058 0.103871 0.586426
0 0.516058 0.623714 0.013176 0.033317 0.597168
3 0.287538 0.635473 0.0990942 0.0862322 0.616211
3 0.482707 0.802548 0.0721933 0.186183 0.817383
