0 0.336948 0.968888 0.0183914 0.0573248 0.204956
0 0.27148 0.625919 0.00988197 0.0122489 0.214111
0 0.405161 0.66536 0.0488608 0.0293974 0.216309
0 0.314988 0.695982 0.0343124 0.0504655 0.238281
0 0.326791 0.587702 0.0370574 0.0259677 0.245361
0 0.201482 0.806957 0.0142739 0.0176384 0.264893
0 0.359045 0.762616 0.0472138 0.126899 0.272949
0 0.384436 0.585742 0.0134505 0.0161685 0.304443
0 0.304694 0.691573 0.013725 0.0406663 0.310303
0 0.383338 0.676139 0.0859182 0.0597746 0.315918
0 0.462531 0.701127 0.0395279 0.146987 0.345947
1 0.244716 0.664625 0.134779 0.0279275 0.356689
0 0.0480373 0.821411 0.0955257 0.105341 0.368652
0 0.411749 0.593582 0.0340379 0.0436061 0.394531
0 0.369613 0.589172 0.0376064 0.0269476 0.450928
0 0.46308 0.573738 0.0181169 0.0293974 0.467529
0 0.433022 0.94488 0.0156464 0.0602646 0.467773
0 0.143288 0.734444 0.0247049 0.0313572 0.572266
1 0.068762 0.755512 0.117211 0.0382166 0.592773
1 0.223442 0.797403 0.308537 0.0837825 0.638184
0 0.360143 0.845664 0.0494098 0.299853 0.668457
0 0.33585 0.643557 0.0562723 0.0612445 0.682617
1 0.174307 0.830475 0.209717 0.0529152 0.709961
0 0.507823 0.866977 0.0894867 0.251347 0.762695
0 0.154268 0.872856 0.0581938 0.0690838 0.770996
0 0.162092 0.94782 0.0540763 0.0984811 0.81543
