0 0.367945 0.553327 0.0169863 0.0205479 0.207642
0 0.510411 0.977495 0.0147945 0.0410959 0.220703
0 0.483562 0.812133 0.0471233 0.137965 0.232788
0 0.355753 0.585861 0.0156164 0.0327789 0.245117
0 0.278767 0.587818 0.02 0.0210372 0.310791
0 0.486849 0.867906 0.0213699 0.0381605 0.336426
0 0.406849 0.613992 0.0109589 0.0176125 0.479248
0 0.469863 0.687622 0.0361644 0.0689824 0.544922
0 0.256027 0.637476 0.0912329 0.0528376 0.683105
0 0.375205 0.662671 0.0139726 0.0376712 0.727539
0 0.396301 0.638209 0.0123288 0.0366928 0.762207
0 0.49137 0.869374 0.06 0.257339 0.768066
0 0.406712 0.702544 0.0265753 0.0782779 0.785156
