0 0.354653 0.652621 0.0554488 0.0793729 0.203125
0 0.510294 0.526703 0.0269009 0.0244978 0.204712
0 0.561625 0.797158 0.0247049 0.055855 0.205688
0 0.303047 0.785644 0.0548998 0.142577 0.22168
0 0.305517 0.612445 0.0839967 0.066634 0.222412
0 0.491902 0.773885 0.013176 0.0837825 0.23291
0 0.438787 0.532582 0.0304694 0.0235179 0.251465
0 0.399671 0.552915 0.0708207 0.0494855 0.268311
1 0.198051 0.748653 0.0634093 0.0352768 0.361816
0 0.102388 0.860363 0.0521548 0.0362567 0.405273
0 0.28493 0.853503 0.0927807 0.270456 0.429443
0 0.188032 0.702107 0.0351359 0.0235179 0.520996
0 0.497941 0.812102 0.0252539 0.164135 0.628906
0 0.460609 0.61122 0.0197639 0.0514454 0.66748
0 0.347379 0.589907 0.162229 0.11661 0.678223
