0 0.439178 0.841977 0.00986301 0.0293542 0.2052
0 0.429315 0.877935 0.0312329 0.101272 0.207031
0 0.0165753 0.861791 0.0331507 0.15998 0.212891
0 0.352603 0.56409 0.0126027 0.0117417 0.250244
0 0.0835616 0.754648 0.0394521 0.0308219 0.297119
0 0.0171233 0.818004 0.0342466 0.0763209 0.388672
0 0.425068 0.618395 0.00739726 0.0176125 0.413818
0 0.194384 0.675147 0.0994521 0.072407 0.43457
0 0.396849 0.590753 0.010137 0.0396282 0.437744
0 0.558356 0.853718 0.0723288 0.132094 0.587891
0 0.430411 0.689824 0.0164384 0.0303327 0.674805
0 0.159041 0.700098 0.170137 0.119374 0.70459
0 0.29863 0.603229 0.0410959 0.0450098 0.740234
0 0.392466 0.670744 0.0145205 0.053816 0.780273
