0 0.36426 0.556345 0.0345869 0.022048 0.201904
1 0.243343 0.676139 0.18913 0.033317 0.213989
0 0.167582 0.758942 0.0524293 0.0382166 0.227905
1 0.214521 0.844929 0.100741 0.0279275 0.229126
0 0.418474 0.551935 0.0304694 0.0279275 0.237427
1 0.192287 0.66389 0.14521 0.0235179 0.237549
0 0.242794 0.645027 0.0387044 0.0298873 0.242432
0 0.292753 0.712641 0.0167444 0.0191083 0.271973
0 0.244716 0.695002 0.164974 0.170995 0.286621
0 0.3972 0.587212 0.0203129 0.0240078 0.300781
0 0.369887 0.574718 0.0491353 0.0431161 0.344971
0 0.448531 0.578393 0.011529 0.0240078 0.351807
0 0.206286 0.72636 0.12325 0.11122 0.414307
0 0.390887 0.605341 0.012078 0.0181284 0.429688
0 0.356437 0.638902 0.0315674 0.055855 0.508301
0 0.392259 0.636698 0.0170189 0.0426262 0.559082
0 0.417925 0.596766 0.0134505 0.0166585 0.575684
0 0.266813 0.929446 0.0263519 0.0734934 0.585449
1 0.127505 0.798628 0.252814 0.0793729 0.767578
0 0.259951 0.89123 0.0669778 0.196962 0.783203
0 0.349712 0.745713 0.0406259 0.120529 0.788086
0 0.147543 0.704067 0.0474883 0.0450759 0.794434
0 0.438649 0.836845 0.0494098 0.317491 0.86084
