0 0.070274 0.982387 0.0238356 0.0322896 0.264893
0 0.402466 0.590264 0.0164384 0.026908 0.301514
0 0.239315 0.727984 0.070411 0.0831703 0.330811
0 0.451507 0.841977 0.0131507 0.0293542 0.364746
0 0.0860274 0.966977 0.0536986 0.0601761 0.486328
0 0.325616 0.609834 0.0260274 0.0386497 0.550781
0 0.402603 0.567515 0.0167123 0.0812133 0.623047
0 0.412466 0.615704 0.0145205 0.0406067 0.646973
0 0.199726 0.799413 0.145205 0.223092 0.683105
0 0.427671 0.869374 0.0136986 0.0616438 0.699219
0 0.369452 0.78865 0.0178082 0.155577 0.710938
0 0.286301 0.65998 0.0378082 0.0469667 0.719727
0 0.433288 0.765166 0.0238356 0.0802348 0.730957
0 0.443288 0.945695 0.019726 0.101761 0.778809
0 0.405479 0.68591 0.0208219 0.0968689 0.785645
0 0.402466 0.892857 0.0263014 0.110568 0.816406
