0 0.324458 0.750122 0.0340379 0.11171 0.206665
0 0.330222 0.549731 0.013725 0.0235179 0.219482
1 0.241834 0.873591 0.1098 0.033317 0.268555
0 0.268735 0.625919 0.0340379 0.0475257 0.274902
0 0.0419984 0.798628 0.0839967 0.153846 0.287109
0 0.232912 0.61122 0.0233324 0.0416463 0.308838
0 0.338595 0.66144 0.0145484 0.0725135 0.40332
0 0.35877 0.634983 0.0258029 0.0284174 0.413818
1 0.128603 0.723665 0.108427 0.0293974 0.462646
0 0.138759 0.94194 0.0606643 0.104361 0.47583
0 0.229207 0.761146 0.11529 0.255267 0.525391
0 0.479413 0.741548 0.0441943 0.0514454 0.610352
0 0.345594 0.581823 0.013176 0.0240078 0.646484
0 0.123936 0.805243 0.0919572 0.0984811 0.664062
0 0.305517 0.919892 0.0411749 0.158256 0.694336
