1 0.217952 0.710191 0.0312929 0.0210681 0.268799
0 0.435904 0.61367 0.011529 0.0485056 0.284668
2 0.0266264 0.83562 0.0225089 0.022048 0.28833
0 0.162366 0.800343 0.124897 0.101421 0.290527
0 0.396788 0.775845 0.0452923 0.0573248 0.296875
0 0.274499 0.943165 0.0219599 0.10583 0.30542
1 0.376338 0.706271 0.145484 0.0269476 0.350586
0 0.329262 0.71803 0.0123525 0.033807 0.496094
1 0.370985 0.767516 0.0941532 0.0700637 0.51123
0 0.44812 0.691818 0.0238814 0.0930916 0.624512
0 0.26997 0.763351 0.0540763 0.10877 0.681152
0 0.295773 0.798628 0.0255284 0.117589 0.722168
