0 0.275342 0.583415 0.0241096 0.0278865 0.340088
0 0.443699 0.852984 0.0205479 0.0689824 0.357666
0 0.390411 0.584883 0.00767123 0.0171233 0.378906
0 0.439041 0.771771 0.0123288 0.0366928 0.421875
0 0.386986 0.567515 0.0090411 0.0244618 0.492676
0 0.0309589 0.786448 0.0619178 0.0865949 0.537598
0 0.189041 0.6568 0.0526027 0.0445205 0.5625
0 0.410274 0.797211 0.0336986 0.0689824 0.573242
0 0.40863 0.728963 0.0139726 0.0322896 0.606445
0 0.418904 0.65998 0.0312329 0.117417 0.613281
0 0.423562 0.821673 0.0575342 0.12182 0.630859
0 0.108356 0.710861 0.0780822 0.0645793 0.720703
0 0.418356 0.918542 0.04 0.156067 0.803223
