0 0.353418 0.638658 0.00796047 0.0181284 0.21814
1 0.418748 0.854483 0.0474883 0.0352768 0.218628
0 0.378534 0.693288 0.013725 0.0921117 0.222778
1 0.300165 0.677609 0.0842712 0.0264576 0.241699
0 0.312517 0.621019 0.0129015 0.0191083 0.255127
0 0.374417 0.619794 0.010431 0.0352768 0.283447
0 0.32336 0.635473 0.0285479 0.0293974 0.293701
0 0.331869 0.655561 0.0175679 0.022538 0.297119
0 0.0988197 0.72342 0.0625858 0.0641842 0.308105
0 0.395553 0.66781 0.0164699 0.044096 0.331055
0 0.388004 0.621509 0.00741147 0.0269476 0.332031
0 0.229893 0.685938 0.0172934 0.0235179 0.349121
0 0.16319 0.675404 0.0601153 0.0573248 0.356689
0 0.215619 0.745958 0.0502333 0.0749633 0.367676
0 0.2944 0.573493 0.0211364 0.032827 0.383301
0 0.256382 0.673934 0.0252539 0.0357668 0.385742
0 0.52594 0.887555 0.0247049 0.0867222 0.406006
0 0.426709 0.977217 0.0118035 0.0426262 0.421875
0 0.252676 0.713621 0.0310184 0.0573248 0.43335
0 0.361652 0.757717 0.0326654 0.0485056 0.449219
0 0.522646 0.77511 0.0527038 0.0764331 0.458252
0 0.465962 0.703332 0.0304694 0.0641842 0.491211
0 0.322399 0.791524 0.0123525 0.0455659 0.560547
0 0.147269 0.833905 0.0310184 0.0617344 0.589844
0 0.211364 0.906663 0.0730167 0.177854 0.605957
0 0.0647818 0.753307 0.128466 0.119059 0.691895
0 0.285342 0.61171 0.0376064 0.0396864 0.694824
0 0.243343 0.849094 0.134779 0.291034 0.710449
0 0.14521 0.909603 0.0724677 0.117099 0.736816
0 0.283146 0.77462 0.0568213 0.141107 0.748535
0 0.377299 0.906663 0.0271754 0.186673 0.806152
