0 0.0832877 0.815558 0.16274 0.181996 0.200073
1 0.273562 0.676859 0.0336986 0.0220157 0.252686
0 0.318904 0.570939 0.0158904 0.0391389 0.352783
0 0.153288 0.729941 0.116986 0.137965 0.35791
0 0.258356 0.561399 0.0230137 0.047456 0.375488
0 0.184658 0.652153 0.0213699 0.035225 0.505371
0 0.240959 0.650685 0.0106849 0.0234834 0.535645
0 0.190685 0.694961 0.04 0.0738748 0.600098
0 0.254247 0.665607 0.030137 0.0650685 0.729004
0 0.0975342 0.707436 0.113425 0.104697 0.849609
0 0.113425 0.911937 0.105205 0.167319 0.881348
