1 0.353829 0.66536 0.243206 0.0313572 0.203613
1 0.30936 0.943165 0.0636838 0.0323371 0.211548
0 0.378122 0.561979 0.0107055 0.0176384 0.214478
0 0.364946 0.639637 0.0129015 0.103381 0.262451
1 0.396514 0.670505 0.160033 0.022048 0.264404
0 0.40667 0.652131 0.00905847 0.0235179 0.287842
0 0.395553 0.597256 0.00988197 0.0215581 0.288818
0 0.0409004 0.827291 0.0801537 0.11318 0.301025
0 0.188444 0.660706 0.0535273 0.0504655 0.312988
0 0.132858 0.718275 0.173483 0.156786 0.332031
0 0.415043 0.624204 0.00988197 0.0235179 0.354004
0 0.424787 0.652866 0.0107055 0.0279275 0.383301
0 0.365633 0.66144 0.00988197 0.0578148 0.439209
0 0.358221 0.852278 0.0494098 0.295443 0.601562
0 0.364672 0.605341 0.0112545 0.0426262 0.63916
0 0.100055 0.749878 0.105133 0.105341 0.687012
0 0.437826 0.842724 0.0527038 0.297893 0.835449
0 0.100192 0.88682 0.0850947 0.129348 0.868652
