0 0.166438 0.665607 0.0336986 0.0278865 0.210815
1 0.458493 0.729207 0.0386301 0.0161448 0.238525
1 0.31863 0.655577 0.0279452 0.0215264 0.294922
1 0.346438 0.648973 0.0906849 0.0278865 0.338135
0 0.289726 0.566536 0.0134247 0.0136986 0.351562
2 0.155068 0.891879 0.019726 0.0234834 0.364258
0 0.420411 0.672945 0.0145205 0.0543053 0.434082
0 0.140274 0.953767 0.0389041 0.0865949 0.45459
0 0.0934247 0.715509 0.0328767 0.0337573 0.508789
1 0.248904 0.708659 0.343288 0.0484344 0.595703
0 0.255616 0.657534 0.0317808 0.053816 0.600586
0 0.405068 0.938356 0.0260274 0.119374 0.792969
0 0.420959 0.806018 0.0512329 0.104207 0.802246
