0 0.455257 0.589907 0.0123525 0.0872122 0.217407
0 0.46006 0.677119 0.0247049 0.0578148 0.228271
0 0.536234 0.745223 0.0952512 0.180304 0.251221
0 0.475432 0.612445 0.00988197 0.044096 0.279785
0 0.27697 0.626409 0.0642328 0.0602646 0.284668
0 0.258578 0.754042 0.0488608 0.0646742 0.294434
0 0.456355 0.614405 0.0139995 0.0421362 0.298584
0 0.252265 0.94635 0.0587428 0.0926017 0.305908
0 0.470766 0.567124 0.00658798 0.0142087 0.327148
1 0.414356 0.689123 0.0859182 0.0298873 0.330322
0 0.565742 0.801813 0.0444688 0.0749633 0.380615
0 0.468295 0.536012 0.013176 0.0264576 0.387207
0 0.455943 0.568839 0.00988197 0.0460559 0.4104
0 0.221521 0.884615 0.122976 0.21901 0.463623
0 0.32583 0.679079 0.0548998 0.0940715 0.465576
0 0.427395 0.777805 0.0186659 0.152376 0.483398
0 0.36275 0.666585 0.0123525 0.0308672 0.506348
0 0.578918 0.897844 0.0713698 0.184713 0.526367
0 0.232089 0.66879 0.151249 0.142087 0.554688
0 0.312105 0.671485 0.0433708 0.066144 0.633789
0 0.42218 0.609015 0.0142739 0.0568349 0.66748
0 0.490118 0.822881 0.0820752 0.340519 0.830566
