0 0.498353 0.977217 0.0129015 0.0426262 0.203857
0 0.367142 0.599216 0.0139995 0.0323371 0.204224
1 0.360417 0.660216 0.0669778 0.0249878 0.216431
1 0.402416 0.755267 0.0312929 0.0308672 0.257812
0 0.385259 0.706026 0.0343124 0.0529152 0.258545
0 0.243069 0.711906 0.0925062 0.0676139 0.316162
0 0.403925 0.646987 0.0118035 0.0455659 0.328125
0 0.374554 0.71656 0.0129015 0.0377266 0.339111
1 0.351359 0.699167 0.21356 0.033317 0.361816
1 0.39871 0.66585 0.151798 0.0293974 0.378418
0 0.302772 0.645517 0.0279989 0.0426262 0.412109
0 0.21754 0.731014 0.0568213 0.0352768 0.416992
1 0.334477 0.742283 0.172111 0.0303773 0.429443
0 0.403514 0.625919 0.0148229 0.0847624 0.591309
0 0.488608 0.700392 0.0148229 0.0416463 0.606445
1 0.147131 0.77315 0.143837 0.0470358 0.612793
1 0.258166 0.826556 0.516333 0.0705537 0.617188
