0 0.298243 0.552425 0.0123525 0.0151886 0.28418
1 0.127779 0.762616 0.0474883 0.0161685 0.303955
0 0.28342 0.591377 0.0381554 0.0303773 0.321045
0 0.145347 0.777315 0.0249794 0.0279275 0.336426
0 0.490942 0.847869 0.0754872 0.261146 0.340332
0 0.34532 0.566389 0.0192149 0.0548751 0.367432
0 0.346555 0.55365 0.0167444 0.0274375 0.376221
0 0.314439 0.570554 0.0107055 0.0210681 0.400635
0 0.250206 0.637923 0.0156464 0.0323371 0.467529
0 0.34134 0.581823 0.0118035 0.0318471 0.474121
0 0.368378 0.985056 0.0153719 0.0249878 0.47998
0 0.191326 0.715826 0.11529 0.156786 0.729492
0 0.147406 0.707986 0.0548998 0.0656541 0.767578
0 0.394455 0.83464 0.0373319 0.324841 0.816895
0 0.0507823 0.893435 0.101565 0.196472 0.833008
