0 0.158523 0.740323 0.0332144 0.0303773 0.200928
0 0.425062 0.901274 0.0579193 0.197452 0.22583
0 0.344085 0.60681 0.0172934 0.0298873 0.231934
0 0.282597 0.707986 0.0288224 0.0470358 0.259521
0 0.399259 0.676139 0.0145484 0.0284174 0.365723
0 0.293851 0.914748 0.0332144 0.162665 0.374268
0 0.351633 0.777315 0.0653308 0.190593 0.388184
0 0.48106 0.89123 0.0831732 0.212641 0.398193
0 0.238951 0.979912 0.0145484 0.0352768 0.450928
0 0.430003 0.609505 0.0205874 0.0587947 0.451416
0 0.425611 0.731259 0.0474883 0.163155 0.481689
0 0.440434 0.938266 0.0222344 0.120529 0.516113
0 0.405847 0.841254 0.0161954 0.0646742 0.568848
0 0.458825 0.812592 0.12325 0.366977 0.57373
0 0.121878 0.741303 0.0510568 0.0470358 0.582031
0 0.402827 0.616854 0.0167444 0.0754532 0.583008
0 0.37524 0.61612 0.0258029 0.0749633 0.624023
1 0.148367 0.793484 0.11227 0.066144 0.650391
1 0.150151 0.931406 0.245402 0.0676139 0.726562
0 0.059978 0.854483 0.119407 0.158746 0.736816
0 0.329399 0.836355 0.114741 0.322391 0.762207
1 0.271891 0.701127 0.272578 0.0979912 0.767578
