0 0.122055 0.917564 0.0189041 0.0308219 0.220093
0 0.450959 0.624511 0.00657534 0.0171233 0.229492
0 0.430137 0.622309 0.00657534 0.0127202 0.232178
1 0.312192 0.756849 0.165753 0.0264188 0.244019
0 0.457945 0.560176 0.0156164 0.0254403 0.292969
1 0.113014 0.769569 0.226027 0.0322896 0.307129
0 0.356712 0.605675 0.0191781 0.0234834 0.358643
0 0.09 0.961106 0.0364384 0.0572407 0.370117
0 0.430411 0.597358 0.00821918 0.0166341 0.382324
0 0.0979452 0.940558 0.0517808 0.100294 0.394531
0 0.449452 0.600538 0.0139726 0.045499 0.41333
0 0.427123 0.875245 0.090411 0.216243 0.415039
0 0.145342 0.87818 0.153699 0.23092 0.424072
0 0.104932 0.910225 0.0219178 0.0425636 0.468506
0 0.403151 0.675391 0.0276712 0.186399 0.493896
1 0.442329 0.94863 0.0627397 0.0518591 0.552246
0 0.41 0.613503 0.0216438 0.0694716 0.564941
0 0.0556164 0.982387 0.0284932 0.0322896 0.620605
0 0.316164 0.585616 0.0284932 0.0205479 0.651367
0 0.397123 0.857387 0.0287671 0.177593 0.666504
0 0.126164 0.697896 0.0550685 0.0376712 0.70752
0 0.243425 0.778865 0.0221918 0.035225 0.70752
0 0.175068 0.829012 0.0953425 0.136497 0.730469
0 0.440274 0.704256 0.0246575 0.0865949 0.783203
0 0.306575 0.642857 0.0520548 0.053816 0.817383
0 0.254932 0.716487 0.0528767 0.0748532 0.850098
