0 0.227697 0.761146 0.0304694 0.077903 0.209595
0 0.315399 0.762861 0.0417239 0.188143 0.227051
0 0.278891 0.720235 0.0494098 0.102891 0.245728
0 0.32336 0.720235 0.0301949 0.130328 0.27417
0 0.444139 0.873591 0.100467 0.249878 0.279785
0 0.192973 0.862567 0.0603898 0.124939 0.295898
0 0.428356 0.634003 0.0156464 0.089172 0.319336
0 0.432199 0.681774 0.0244304 0.176874 0.391357
0 0.303047 0.83317 0.0203129 0.0396864 0.400146
0 0.465413 0.668055 0.0222344 0.055365 0.43335
0 0.274362 0.916218 0.0436453 0.153846 0.483398
0 0.262284 0.950024 0.0211364 0.0940715 0.499268
0 0.132583 0.961538 0.0362339 0.0720235 0.537598
3 0.445786 0.874326 0.105957 0.242528 0.569824
0 0.0815262 0.700882 0.100467 0.0739833 0.59375
0 0.170876 0.894904 0.104035 0.202352 0.688965
0 0.227834 0.88829 0.0801537 0.211661 0.736328
0 0.564919 0.908133 0.0741147 0.161195 0.833496
