1 0.516027 0.970646 0.171233 0.0518591 0.207886
0 0.408904 0.524217 0.00684932 0.0200587 0.21814
0 0.358904 0.559198 0.0180822 0.0176125 0.219849
3 0.245068 0.590753 0.0528767 0.0484344 0.226685
0 0.11274 0.987524 0.0189041 0.0220157 0.2323
0 0.243836 0.749266 0.0476712 0.0738748 0.279785
0 0.325342 0.5932 0.0139726 0.026908 0.363525
0 0.261918 0.701566 0.019726 0.0264188 0.408447
0 0.256575 0.731164 0.0205479 0.0357143 0.457031
0 0.303425 0.625978 0.0150685 0.0259295 0.486816
1 0.250548 0.969912 0.274795 0.045499 0.519531
1 0.474521 0.797456 0.0460274 0.0322896 0.5625
0 0.439041 0.673679 0.0238356 0.0763209 0.580566
0 0.27726 0.680528 0.0460274 0.0645793 0.585938
0 0.420274 0.591977 0.0252055 0.0704501 0.682617
0 0.393836 0.820205 0.0238356 0.327299 0.722656
0 0.137397 0.937622 0.0616438 0.104207 0.741699
0 0.474932 0.905333 0.0386301 0.168787 0.756348
0 0.317671 0.651908 0.0232877 0.0503914 0.763672
0 0.439589 0.793053 0.0271233 0.161448 0.770508
0 0.104932 0.709638 0.126575 0.108121 0.791504
0 0.396575 0.616928 0.0210959 0.0821918 0.823242
