1 0.216164 0.763699 0.290411 0.035225 0.28125
0 0.18411 0.633317 0.0339726 0.0220157 0.433838
1 0.325342 0.793787 0.344932 0.066047 0.458496
1 0.16589 0.750978 0.271507 0.0381605 0.576172
0 0.127808 0.685421 0.0189041 0.0176125 0.630371
0 0.338219 0.969912 0.0287671 0.0503914 0.667969
0 0.142877 0.670254 0.0649315 0.0459883 0.683105
0 0.587534 0.901419 0.0139726 0.0513699 0.72168
1 0.414247 0.764432 0.112877 0.0161448 0.738281
0 0.0860274 0.711595 0.0476712 0.0366928 0.790039
0 0.11411 0.703278 0.0117808 0.0151663 0.80957
1 0.227808 0.804795 0.0687671 0.0146771 0.832031
0 0.294384 0.624266 0.0139726 0.0205479 0.852539
1 0.362877 0.92955 0.0632877 0.0205479 0.88916
0 0.338356 0.870597 0.0252055 0.12182 0.912109
0 0.0819178 0.865704 0.156712 0.208904 0.92627
0 0.229863 0.725538 0.0454795 0.0528376 0.94873
