0 0.263382 0.974032 0.0222344 0.0411563 0.28833
0 0.414494 0.625674 0.00933297 0.0235179 0.293213
0 0.376338 0.562224 0.00823497 0.0161685 0.532715
0 0.416827 0.640372 0.0205874 0.0529152 0.548828
0 0.243892 0.9439 0.0419984 0.0926017 0.664062
0 0.0288224 0.841989 0.0576448 0.0730034 0.67334
0 0.395965 0.597256 0.00905847 0.0215581 0.76709
1 0.31938 0.941695 0.0480373 0.0293974 0.79541
1 0.401318 0.67075 0.167993 0.0166585 0.827148
0 0.365221 0.604606 0.0107055 0.0411563 0.830078
0 0.365495 0.660216 0.00905847 0.0573248 0.841309
0 0.448669 0.897844 0.0321164 0.192553 0.861328
0 0.1916 0.658256 0.0433708 0.0426262 0.867188
0 0.364672 0.751102 0.0172934 0.0734934 0.876465
0 0.0986824 0.750122 0.104035 0.102891 0.900879
0 0.35877 0.889025 0.0466648 0.216071 0.916016
0 0.0986824 0.887555 0.0826242 0.125919 0.941406
