0 0.196953 0.627878 0.0293714 0.0485056 0.250977
0 0.355888 0.6122 0.0260774 0.0289074 0.254395
0 0.249108 0.598726 0.00850947 0.0215581 0.319092
0 0.216442 0.592112 0.0112545 0.0377266 0.431152
0 0.227834 0.565409 0.010431 0.0176384 0.585449
0 0.491765 0.807447 0.0271754 0.0529152 0.630859
0 0.207384 0.55463 0.0172934 0.0293974 0.64502
0 0.226736 0.634738 0.0208619 0.0269476 0.749023
0 0.433708 0.684958 0.0164699 0.0244978 0.786621
0 0.389926 0.653111 0.0332144 0.0401764 0.802246
0 0.140955 0.71852 0.133681 0.132778 0.854004
