0 0.368378 0.986036 0.0148229 0.0249878 0.338867
0 0.145759 0.77658 0.0252539 0.0293974 0.362793
0 0.248147 0.637923 0.0170189 0.033317 0.493164
0 0.314301 0.570554 0.012078 0.0200882 0.494141
0 0.297831 0.55218 0.012627 0.0166585 0.504883
0 0.27944 0.592847 0.0378809 0.0303773 0.685059
0 0.341889 0.581088 0.0161954 0.033317 0.724121
0 0.0506451 0.871387 0.100741 0.152376 0.793945
0 0.184738 0.720725 0.101565 0.141107 0.853516
0 0.396239 0.83464 0.0419984 0.322881 0.908691
0 0.14768 0.706516 0.0505078 0.0636943 0.910156
