0 0.42 0.653376 0.00876712 0.026908 0.273682
0 0.405479 0.569227 0.0213699 0.066047 0.517578
0 0.403425 0.893591 0.0243836 0.110078 0.555664
0 0.436986 0.786204 0.0279452 0.120352 0.763672
0 0.201233 0.795744 0.140548 0.221624 0.825684
0 0.407945 0.689579 0.0191781 0.0954012 0.861328
0 0.369452 0.791341 0.0172603 0.15411 0.871094
0 0.427671 0.872798 0.0147945 0.0616438 0.875977
0 0.443699 0.943493 0.0205479 0.100294 0.876953
0 0.411781 0.614971 0.0136986 0.0401174 0.878418
0 0.286301 0.66047 0.0410959 0.0528376 0.92627
0 0.323836 0.609834 0.0273973 0.0396282 0.933105
