0 0.295224 0.60926 0.0129015 0.032827 0.264893
0 0.252402 0.672954 0.0222344 0.0543851 0.329834
0 0.288498 0.553895 0.010431 0.0308672 0.34668
0 0.471727 0.7195 0.0222344 0.0367467 0.47168
0 0.227011 0.635473 0.0801537 0.125429 0.484131
0 0.206149 0.67075 0.0356849 0.055855 0.558105
0 0.429316 0.686428 0.0461158 0.0901519 0.748535
0 0.220972 0.591377 0.0340379 0.0480157 0.841309
0 0.275872 0.66732 0.0181169 0.0362567 0.84375
0 0.39871 0.794953 0.0595663 0.405194 0.854004
0 0.529234 0.868447 0.125721 0.251347 0.864746
0 0.150288 0.861832 0.140269 0.261636 0.95166
