0 0.121054 0.818961 0.242108 0.230769 0.250488
0 0.378534 0.698922 0.0384299 0.0720235 0.282471
0 0.511803 0.778295 0.0139995 0.0367467 0.453613
0 0.192012 0.88535 0.152896 0.22342 0.51709
0 0.371946 0.721705 0.0527038 0.117589 0.519531
0 0.53692 0.691083 0.00988197 0.0298873 0.570801
3 0.408592 0.632778 0.0315674 0.055365 0.59082
0 0.439473 0.583292 0.0230579 0.0387065 0.71875
0 0.291518 0.891965 0.0494098 0.0935816 0.746582
0 0.472001 0.643802 0.0123525 0.0254777 0.77832
3 0.479001 0.800833 0.0543508 0.187653 0.781738
3 0.506176 0.549976 0.0329399 0.0269476 0.785156
