0 0.439863 0.956703 0.0238356 0.0777887 0.263916
0 0.31726 0.58635 0.0153425 0.0220157 0.442627
0 0.334658 0.564579 0.00684932 0.0234834 0.460938
0 0.319315 0.597603 0.010137 0.0151663 0.484131
3 0.254521 0.597113 0.0586301 0.0572407 0.497559
0 0.473699 0.945695 0.0378082 0.0998043 0.577148
0 0.392329 0.936888 0.0279452 0.104697 0.70752
0 0.427123 0.911693 0.0131507 0.045499 0.708496
3 0.186849 0.659247 0.0728767 0.066047 0.753906
0 0.404521 0.671477 0.00739726 0.0141879 0.757812
0 0.394384 0.829012 0.0161644 0.0777887 0.837402
0 0.558493 0.906067 0.0616438 0.114481 0.914551
0 0.0980822 0.723092 0.090411 0.0753425 0.918945
