0 0.436591 0.528662 0.00576448 0.0176384 0.276855
0 0.013725 0.787604 0.0274499 0.022048 0.2854
0 0.00988197 0.847134 0.0197639 0.0979912 0.303467
1 0.0550371 0.792014 0.0727422 0.0161685 0.311279
0 0.42465 0.487751 0.00658798 0.022048 0.339844
0 0.244853 0.671975 0.0450178 0.0534052 0.377441
0 0.268186 0.621999 0.0488608 0.0396864 0.386719
0 0.01098 0.820921 0.0219599 0.0514454 0.397461
0 0.43714 0.565654 0.00741147 0.0210681 0.434814
0 0.49753 0.88535 0.0354104 0.123469 0.450439
0 0.225501 0.692553 0.0337634 0.0298873 0.475586
0 0.363986 0.72489 0.00988197 0.0240078 0.491211
1 0.390338 0.673934 0.0949767 0.0171485 0.556152
1 0.274362 0.7195 0.127093 0.0279275 0.560547
0 0.258029 0.960314 0.0203129 0.0705537 0.571289
0 0.417376 0.6122 0.00686248 0.0191083 0.661133
0 0.332418 0.700637 0.011529 0.0176384 0.70166
0 0.362201 0.568594 0.0123525 0.0171485 0.741211
0 0.183091 0.763351 0.0570958 0.0881921 0.742188
0 0.353006 0.653601 0.0225089 0.0264576 0.760742
0 0.206149 0.847134 0.0444688 0.0587947 0.772461
0 0.0398024 0.908868 0.0790557 0.123469 0.812988
0 0.0930552 0.778785 0.144935 0.11612 0.861816
0 0.223579 0.675894 0.0436453 0.0475257 0.87207
0 0.300851 0.60877 0.0625858 0.0651641 0.898926
