0 0.360829 0.567859 0.00905847 0.0117589 0.264404
1 0.373456 0.735669 0.0595663 0.0377266 0.276123
3 0.452786 0.865507 0.0848202 0.260167 0.288818
1 0.462119 0.686673 0.0436453 0.0122489 0.310791
0 0.47406 0.657276 0.0214109 0.0592847 0.313965
1 0.488059 0.761881 0.0214109 0.0117589 0.320557
3 0.22605 0.651886 0.0370574 0.0347869 0.326172
0 0.36275 0.562959 0.00905847 0.0117589 0.328125
0 0.137799 0.753797 0.0175679 0.0161685 0.336426
1 0.416003 0.696717 0.141916 0.0244978 0.371826
0 0.0528411 0.809652 0.0463903 0.0426262 0.39502
0 0.451414 0.868447 0.0881142 0.255267 0.429688
0 0.522509 0.974277 0.0304694 0.0455659 0.437256
0 0.423415 0.868447 0.0332144 0.254287 0.44165
0 0.42218 0.652866 0.0329399 0.0749633 0.51123
0 0.4112 0.573983 0.00603898 0.0161685 0.523926
0 0.344634 0.693288 0.0205874 0.0607545 0.596191
0 0.358633 0.573738 0.00905847 0.0117589 0.597656
0 0.0348614 0.828025 0.0697228 0.0911318 0.734863
0 0.204227 0.669525 0.0818007 0.0700637 0.756348
0 0.0614878 0.82876 0.118584 0.130818 0.80127
0 0.284793 0.724645 0.138073 0.127389 0.823242
3 0.421905 0.653356 0.0345869 0.0818226 0.855469
0 0.546528 0.9439 0.0296459 0.1073 0.899414
0 0.437826 0.950514 0.0279989 0.0881921 0.914062
