0 0.420274 0.550147 0.00383562 0.0161448 0.392334
0 0.335479 0.563112 0.0161644 0.0117417 0.437256
0 0.0176712 0.798679 0.0353425 0.0366928 0.453125
0 0.0824658 0.758562 0.0367123 0.0278865 0.531738
0 0.352466 0.562867 0.0139726 0.0112524 0.690918
0 0.396301 0.578033 0.00739726 0.0190802 0.751953
0 0.441096 0.839286 0.0131507 0.0308219 0.766113
0 0.39726 0.600538 0.00986301 0.0200587 0.779297
0 0.428767 0.687622 0.0131507 0.0249511 0.785156
0 0.42589 0.619129 0.00739726 0.0161448 0.81543
0 0.296712 0.607143 0.0405479 0.0401174 0.86377
0 0.392192 0.669765 0.0139726 0.0499022 0.912598
0 0.156164 0.701566 0.179178 0.127202 0.931152
