0 0.39274 0.742417 0.0112329 0.0484344 0.250977
0 0.406986 0.74364 0.0380822 0.055773 0.256592
1 0.483562 0.730675 0.0558904 0.0435421 0.3125
1 0.337808 0.767123 0.120548 0.0234834 0.453125
1 0.354521 0.598337 0.0745206 0.0136986 0.606934
0 0.497534 0.730675 0.0213699 0.0435421 0.642578
0 0.441918 0.736057 0.0246575 0.0680039 0.644531
0 0.468219 0.684198 0.00821918 0.0406067 0.658691
0 0.247123 0.68273 0.0443836 0.0523483 0.662598
1 0.350685 0.832436 0.228493 0.0396282 0.708496
1 0.261918 0.943493 0.179726 0.0327789 0.783203
0 0.212877 0.794521 0.107945 0.158513 0.812988
0 0.273836 0.65362 0.1 0.111546 0.849121
0 0.344795 0.974315 0.0128767 0.045499 0.864258
0 0.458904 0.841977 0.0230137 0.167319 0.894531
0 0.435753 0.634785 0.0287671 0.15411 0.92627
0 0.482329 0.66047 0.0254795 0.0616438 0.933594
