0 0.449452 0.873532 0.00575342 0.0161448 0.342285
0 0.0852055 0.745108 0.15726 0.129159 0.683594
0 0.193836 0.755626 0.0605479 0.0748532 0.712402
1 0.0915068 0.912427 0.172603 0.0410959 0.782227
0 0.126849 0.811888 0.196712 0.195205 0.789062
0 0.362877 0.67001 0.0090411 0.0220157 0.860352
0 0.24 0.924413 0.0394521 0.144325 0.873047
0 0.353973 0.638454 0.0482192 0.0675147 0.896484
0 0.27274 0.666341 0.06 0.103718 0.903809
0 0.204384 0.77862 0.111233 0.123777 0.912109
0 0.228082 0.684442 0.0271233 0.0499022 0.918457
0 0.050274 0.958904 0.0473973 0.0733855 0.92627
0 0.306986 0.759051 0.0457534 0.145303 0.928223
