1 0.392055 0.646771 0.0493151 0.00978474 0.255127
0 0.346986 0.61546 0.0128767 0.0322896 0.271729
1 0.227945 0.593933 0.049863 0.00782779 0.285889
0 0.287945 0.601517 0.00657534 0.0161448 0.312988
0 0.419726 0.907534 0.0224658 0.184932 0.323975
1 0.362192 0.673434 0.030137 0.0366928 0.32666
0 0.364658 0.640411 0.00657534 0.0205479 0.331055
0 0.359041 0.602006 0.00739726 0.0161448 0.378418
0 0.206027 0.595157 0.0180822 0.0171233 0.397461
1 0.313699 0.614971 0.0810959 0.00978474 0.399414
1 0.323973 0.602006 0.0424658 0.010274 0.480225
0 0.40411 0.683219 0.0115068 0.0327789 0.544922
0 0.36863 0.606409 0.0150685 0.0210372 0.562988
1 0.321644 0.606164 0.0493151 0.00880626 0.567383
0 0.404384 0.836106 0.0515069 0.312133 0.683594
0 0.359589 0.733121 0.0128767 0.0963796 0.697754
0 0.361644 0.675391 0.030137 0.0386497 0.741211
0 0.272877 0.614481 0.0147945 0.0322896 0.749023
0 0.346027 0.661204 0.0252055 0.045499 0.822266
0 0.415205 0.740949 0.0287671 0.0689824 0.833008
0 0.21726 0.653131 0.0290411 0.0479452 0.870117
0 0.383014 0.820939 0.0175342 0.090998 0.916992
