0 0.268872 0.702107 0.0260774 0.0372366 0.294189
1 0.288224 0.675649 0.14274 0.0176384 0.393799
0 0.244441 0.642087 0.0579193 0.0543851 0.518555
0 0.399122 0.858158 0.0422729 0.283684 0.540039
0 0.311556 0.603626 0.0444688 0.0411563 0.544922
0 0.216991 0.793729 0.0271754 0.0470358 0.662109
0 0.389651 0.956394 0.0150974 0.0793729 0.822266
0 0.0295086 0.826556 0.0551743 0.0676139 0.871094
0 0.392396 0.767761 0.0233324 0.0881921 0.883301
0 0.167993 0.72489 0.0494098 0.0700637 0.894531
0 0.348888 0.689123 0.0548998 0.21803 0.925781
0 0.254049 0.961538 0.0419984 0.0690838 0.957031
