0 0.419435 0.830475 0.0148229 0.0323371 0.268799
0 0.410239 0.848604 0.0304694 0.0744733 0.301025
0 0.158935 0.744488 0.0779577 0.0543851 0.30542
0 0.317046 0.584762 0.0406259 0.0416463 0.338867
0 0.245265 0.728564 0.0260774 0.0421362 0.354004
0 0.142053 0.709211 0.0189404 0.022048 0.354736
0 0.349575 0.564429 0.0452923 0.044096 0.385742
0 0.57933 0.817736 0.0765852 0.120529 0.39209
0 0.403102 0.806957 0.0134505 0.0764331 0.433594
0 0.118446 0.817736 0.236893 0.196962 0.445312
0 0.550233 0.876531 0.0321164 0.233219 0.445557
0 0.38471 0.965213 0.0200384 0.0617344 0.499023
1 0.156464 0.723175 0.0845457 0.0146987 0.500488
0 0.515097 0.938266 0.0271754 0.11171 0.588867
0 0.512352 0.682754 0.0502333 0.0543851 0.770996
0 0.37524 0.925772 0.0274499 0.130818 0.807129
0 0.444002 0.580598 0.0156464 0.0470358 0.818359
0 0.386495 0.801813 0.0367829 0.0984811 0.833496
3 0.438787 0.71754 0.0886632 0.238609 0.836426
0 0.213149 0.674669 0.0919572 0.0842724 0.845703
0 0.36179 0.668545 0.0247049 0.0416463 0.866211
0 0.269833 0.679814 0.0395279 0.0436061 0.875977
0 0.376613 0.724645 0.0197639 0.0734934 0.916016
0 0.110898 0.919157 0.0587428 0.0734934 0.930664
0 0.235383 0.870652 0.1507 0.244978 0.947266
