0 0.398356 0.571918 0.00657534 0.0205479 0.297363
0 0.44 0.671722 0.0213699 0.072407 0.347656
0 0.393973 0.914139 0.0230137 0.142368 0.356445
0 0.0210959 0.806262 0.0416438 0.0763209 0.391357
0 0.0769863 0.730186 0.0756164 0.0709393 0.401611
0 0.107123 0.706458 0.137534 0.117417 0.413086
0 0.422603 0.594423 0.0221918 0.0636008 0.515625
0 0.408493 0.526174 0.00547945 0.0210372 0.52002
0 0.302466 0.629158 0.0153425 0.0273973 0.585938
0 0.394931 0.826076 0.0189041 0.33317 0.692871
0 0.397534 0.620352 0.019726 0.0861057 0.751953
0 0.460137 0.847847 0.0632877 0.265166 0.769043
0 0.394521 0.541341 0.0131507 0.0484344 0.770508
0 0.255753 0.732877 0.0216438 0.0362035 0.791504
0 0.261507 0.702789 0.0183562 0.0249511 0.795898
0 0.317671 0.650196 0.0243836 0.0547945 0.796875
1 0.253973 0.972113 0.270685 0.0410959 0.820312
0 0.137808 0.932485 0.0624658 0.090998 0.87207
0 0.288767 0.668787 0.0213699 0.0410959 0.876465
