0 0.128466 0.72146 0.0274499 0.0308672 0.286133
0 0.115976 0.765066 0.0326654 0.0455659 0.320068
0 0.373593 0.61171 0.011529 0.044586 0.333496
0 0.52347 0.77364 0.0565468 0.0940715 0.337158
0 0.394043 0.597746 0.0107055 0.0146987 0.388916
0 0.2126 0.906663 0.0738402 0.175894 0.462402
0 0.0668405 0.771436 0.0266264 0.0279275 0.470703
0 0.25501 0.607055 0.0214109 0.0303773 0.474609
0 0.242245 0.676139 0.0381554 0.0391965 0.493164
0 0.294126 0.567859 0.0255284 0.0431161 0.502441
0 0.467472 0.707986 0.0296459 0.0568349 0.518555
0 0.258715 0.67075 0.0216854 0.0284174 0.550781
0 0.353555 0.638658 0.00603898 0.0191083 0.565918
0 0.569036 0.939 0.0477628 0.11024 0.631836
0 0.428905 0.963008 0.0139995 0.0690838 0.646973
0 0.0645073 0.753062 0.126819 0.117589 0.648926
1 0.315399 0.675404 0.0587428 0.0181284 0.73877
0 0.33434 0.626899 0.00878397 0.0230279 0.73877
0 0.147955 0.911073 0.0850947 0.146497 0.744141
0 0.322811 0.788339 0.013725 0.044096 0.758301
0 0.284518 0.772905 0.0584683 0.136698 0.76123
1 0.360005 0.655561 0.0376064 0.0117589 0.762207
0 0.244579 0.845174 0.135603 0.295933 0.800293
0 0.163327 0.674669 0.0428219 0.0391965 0.825684
0 0.365907 0.715581 0.0373319 0.123959 0.850586
0 0.284518 0.61269 0.0387044 0.0406663 0.867188
0 0.375103 0.907398 0.0238814 0.183244 0.90918
