0 0.33681 0.645762 0.0175679 0.0352768 0.250488
0 0.326242 0.950514 0.0139995 0.0940715 0.262207
0 0.470903 0.733954 0.0107055 0.0205781 0.299072
0 0.392671 0.618079 0.0129015 0.0132288 0.30957
0 0.0249794 0.860363 0.0499588 0.118569 0.313721
0 0.188032 0.77462 0.0340379 0.0617344 0.327637
3 0.20807 0.624694 0.0351359 0.055855 0.362549
0 0.0491353 0.77756 0.0977217 0.11465 0.412598
0 0.281087 0.637923 0.011529 0.033317 0.432129
0 0.177189 0.646987 0.0178424 0.0191083 0.539551
0 0.402278 0.916708 0.0107055 0.0264576 0.613281
0 0.366182 0.632043 0.0181169 0.0352768 0.626465
0 0.229893 0.818471 0.0183914 0.0877021 0.638184
0 0.317458 0.627144 0.00960747 0.0117589 0.692383
0 0.32034 0.919157 0.0252539 0.152866 0.723633
0 0.41518 0.911073 0.0200384 0.166095 0.847168
0 0.409004 0.672954 0.0494098 0.104361 0.945801
