0 0.437808 0.65411 0.0147945 0.0636008 0.253906
0 0.427534 0.594667 0.0232877 0.0689824 0.272705
0 0.43137 0.625489 0.0309589 0.122798 0.625977
0 0.395616 0.574609 0.00547945 0.0386497 0.695801
0 0.456849 0.686888 0.0336986 0.127202 0.701172
0 0.403973 0.522994 0.00630137 0.0176125 0.733887
0 0.405753 0.597358 0.00493151 0.0195695 0.757812
1 0.362603 0.755382 0.230411 0.0430528 0.812012
0 0.446164 0.815068 0.0205479 0.123288 0.875977
0 0.399315 0.627202 0.0090411 0.0381605 0.911621
0 0.411644 0.936888 0.0353425 0.119374 0.920898
