0 0.458767 0.76272 0.0287671 0.135029 0.479248
0 0.427534 0.6091 0.0090411 0.0322896 0.533203
0 0.333973 0.670499 0.00821918 0.0396282 0.620605
0 0.410959 0.553571 0.0060274 0.0259295 0.668457
0 0.371233 0.642857 0.0164384 0.0430528 0.684082
0 0.449041 0.729207 0.0115068 0.0787671 0.693359
0 0.404521 0.633317 0.00739726 0.0239726 0.813477
0 0.497534 0.917808 0.0312329 0.155577 0.869141
0 0.308767 0.745597 0.050411 0.166341 0.883789
0 0.45274 0.661937 0.030411 0.0636008 0.88623
0 0.381918 0.69545 0.0509589 0.0777887 0.916992
