0 0.320959 0.610323 0.0128767 0.010274 0.325439
0 0.263562 0.633317 0.0515069 0.026908 0.392822
1 0.364931 0.601027 0.0454795 0.0161448 0.660645
0 0.280274 0.588552 0.0109589 0.0146771 0.725098
0 0.396301 0.637231 0.0123288 0.0337573 0.810547
0 0.406986 0.613503 0.0123288 0.0195695 0.822754
0 0.486301 0.86864 0.0213699 0.0337573 0.845703
0 0.509863 0.977251 0.0147945 0.0396282 0.865234
0 0.489315 0.848092 0.060274 0.221624 0.900879
0 0.37589 0.660714 0.0136986 0.0357143 0.903809
0 0.406164 0.703767 0.0254795 0.0768102 0.930664
