1 0.298493 0.777397 0.292877 0.0322896 0.348389
1 0.319041 0.67955 0.0934247 0.0156556 0.377686
0 0.297945 0.664384 0.00794521 0.0136986 0.420654
0 0.214795 0.629892 0.04 0.0406067 0.499023
1 0.353425 0.86546 0.123288 0.0205479 0.503418
0 0.323973 0.620108 0.0090411 0.045499 0.516602
3 0.215068 0.629892 0.0394521 0.0396282 0.539062
3 0.394795 0.795254 0.0789041 0.346869 0.546387
0 0.314521 0.666585 0.00821918 0.0229941 0.575684
1 0.322466 0.720157 0.0821918 0.0156556 0.640625
0 0.282055 0.668787 0.02 0.0244618 0.671875
0 0.181096 0.867172 0.0887671 0.167808 0.851562
0 0.278356 0.751468 0.0230137 0.0420744 0.865234
