0 0.328026 0.678344 0.0488608 0.0935816 0.251465
0 0.473785 0.60828 0.00988197 0.055365 0.253174
1 0.41367 0.683978 0.0680758 0.0176384 0.289062
0 0.252814 0.621019 0.0247049 0.0161685 0.349365
0 0.348202 0.641842 0.0118035 0.0264576 0.368408
0 0.313341 0.6683 0.0458413 0.0695737 0.397949
1 0.3084 0.631063 0.0765852 0.0127389 0.479492
0 0.416964 0.540421 0.0296459 0.0254777 0.549316
0 0.455531 0.594316 0.0123525 0.0950514 0.595703
0 0.427532 0.764086 0.0156464 0.142577 0.657715
0 0.36275 0.6634 0.0107055 0.0293974 0.669922
0 0.233599 0.67026 0.0735657 0.0793729 0.680176
0 0.12874 0.704312 0.0576448 0.0406663 0.693359
0 0.466648 0.536502 0.0148229 0.0235179 0.704102
0 0.290969 0.613425 0.0345869 0.0342969 0.714844
0 0.255833 0.88682 0.0175679 0.0793729 0.71582
0 0.575624 0.881676 0.0757617 0.211171 0.799316
0 0.255147 0.953699 0.0535273 0.0720235 0.810059
0 0.423415 0.60779 0.0156464 0.0592847 0.884766
0 0.489706 0.817981 0.0823497 0.352278 0.896484
