1 0.464178 0.698922 0.0247049 0.0122489 0.298096
0 0.495059 0.621019 0.0145484 0.0406663 0.423828
0 0.43165 0.895639 0.0337634 0.205781 0.454346
0 0.46006 0.561734 0.0148229 0.0181284 0.466797
0 0.428356 0.94537 0.0288224 0.0955414 0.576172
0 0.383612 0.700392 0.0332144 0.0465458 0.709473
0 0.480648 0.583537 0.011529 0.0235179 0.779297
0 0.441669 0.821411 0.0230579 0.11122 0.78418
0 0.49053 0.645517 0.0219599 0.0867222 0.803223
0 0.268872 0.881676 0.11776 0.22195 0.808105
0 0.136289 0.803283 0.272578 0.250367 0.825195
0 0.321713 0.640127 0.0422729 0.0377266 0.890625
