0 0.116662 0.747673 0.0532528 0.0362567 0.326904
0 0.359594 0.660216 0.0269009 0.044586 0.338867
0 0.389377 0.630818 0.0315674 0.0308672 0.354004
0 0.444139 0.665605 0.00658798 0.0200882 0.388672
1 0.42465 0.734689 0.0395279 0.0151886 0.520996
0 0.151112 0.804263 0.299478 0.304263 0.631348
0 0.29193 0.645027 0.0469393 0.0318471 0.650391
0 0.370436 0.618079 0.0535273 0.0455659 0.75293
0 0.428493 0.575943 0.0329399 0.0377266 0.769531
1 0.483942 0.852278 0.0329399 0.0142087 0.802246
0 0.382652 0.675404 0.0192149 0.0377266 0.867188
0 0.37126 0.82876 0.0282734 0.139637 0.887207
0 0.429728 0.66291 0.0178424 0.0499755 0.89502
0 0.385534 0.72489 0.0430963 0.0592847 0.915527
0 0.446061 0.77217 0.0148229 0.0676139 0.916504
0 0.46555 0.900784 0.0263519 0.190593 0.928223
