0 0.410102 0.744243 0.0225089 0.0293974 0.25293
0 0.350947 0.567369 0.0178424 0.0176384 0.348145
1 0.278754 0.666095 0.0480373 0.0132288 0.349121
0 0.414082 0.632288 0.0222344 0.0191083 0.392822
0 0.399396 0.547281 0.012627 0.0166585 0.465088
0 0.42616 0.927242 0.0293714 0.136698 0.525391
0 0.366731 0.562714 0.0236069 0.0436061 0.730469
3 0.416964 0.585742 0.0351359 0.0573248 0.75293
0 0.391024 0.651396 0.0233324 0.0573248 0.85498
0 0.0481746 0.83758 0.0963492 0.11612 0.876953
0 0.523881 0.88682 0.0568213 0.203822 0.880371
0 0.164837 0.713866 0.1507 0.121509 0.949707
