0 0.0867123 0.706703 0.0660274 0.0591977 0.335449
0 0.0630137 0.717955 0.115068 0.082681 0.37915
0 0.355069 0.556996 0.0060274 0.0151663 0.386719
0 0.0443836 0.806751 0.0882192 0.126223 0.42041
0 0.298356 0.561399 0.0213699 0.0161448 0.513184
0 0.364931 0.56727 0.00986301 0.0210372 0.560059
2 0.378493 0.726761 0.0326027 0.0239726 0.66748
0 0.311507 0.597113 0.0126027 0.0190802 0.803223
0 0.368904 0.596624 0.0227397 0.0494129 0.870117
0 0.35589 0.637965 0.0208219 0.0254403 0.889648
0 0.121644 0.859834 0.193973 0.270548 0.908203
0 0.326575 0.616438 0.0213699 0.0430528 0.916504
