0 0.39726 0.644325 0.00438356 0.0156556 0.260498
0 0.197945 0.684687 0.0934247 0.0885519 0.309326
0 0.130137 0.744374 0.0416438 0.0366928 0.404541
1 0.317123 0.614481 0.15589 0.0450098 0.412842
0 0.410959 0.634785 0.0241096 0.0220157 0.455811
0 0.379726 0.584883 0.0120548 0.0200587 0.485107
0 0.436712 0.893591 0.0367123 0.185421 0.493652
0 0.385616 0.569716 0.0243836 0.0543053 0.51123
1 0.314932 0.677348 0.170685 0.0259295 0.572754
0 0.17589 0.707192 0.0493151 0.0513699 0.603027
0 0.0772603 0.734589 0.153973 0.129648 0.646484
0 0.445205 0.74364 0.0246575 0.183953 0.695312
0 0.223288 0.667319 0.0405479 0.0489237 0.726562
0 0.0763014 0.811644 0.152603 0.159491 0.74707
0 0.39274 0.824609 0.0353425 0.346869 0.815918
0 0.589315 0.917808 0.0657534 0.154599 0.818359
0 0.400685 0.580235 0.00739726 0.0322896 0.825684
0 0.415069 0.588552 0.0142466 0.0645793 0.837402
0 0.376027 0.629648 0.0216438 0.0440313 0.850098
0 0.353288 0.662182 0.0139726 0.0396282 0.875977
0 0.483562 0.919276 0.029589 0.154599 0.922852
0 0.296164 0.83635 0.0920548 0.318493 0.953125
