0 0.458082 0.702055 0.0147945 0.0322896 0.280518
0 0.428493 0.579012 0.0115068 0.0298434 0.284912
0 0.45589 0.625245 0.0115068 0.0215264 0.290039
0 0.351507 0.550391 0.0164384 0.0215264 0.309082
3 0.180822 0.96771 0.0438356 0.0547945 0.381836
1 0.326301 0.925881 0.296438 0.047456 0.414795
1 0.555479 0.904354 0.120274 0.0425636 0.426025
0 0.45137 0.648239 0.0369863 0.0665362 0.538086
0 0.434247 0.574364 0.0164384 0.0381605 0.618652
0 0.484384 0.83684 0.0246575 0.165851 0.672363
1 0.079863 0.972847 0.148219 0.0543053 0.674316
3 0.41863 0.511008 0.0115068 0.0386497 0.740234
0 0.179452 0.969178 0.0410959 0.0518591 0.799805
0 0.287808 0.701566 0.132329 0.233855 0.805664
0 0.45726 0.675881 0.0213699 0.026908 0.826172
0 0.224247 0.877935 0.0315068 0.0865949 0.876953
