0 0.336139 0.649386 0.00940594 0.0624079 0.308105
0 0.215965 0.560442 0.0423267 0.031941 0.488037
0 0.186386 0.586241 0.0267327 0.0255528 0.5
0 0.203713 0.823096 0.0222772 0.0805897 0.539062
0 0.330446 0.530221 0.00544554 0.00982801 0.631348
1 0.31547 0.675921 0.044802 0.00933661 0.676758
0 0.174876 0.890418 0.0804455 0.207371 0.687012
1 0.30755 0.64398 0.0433168 0.00835381 0.695801
0 0.251238 0.53317 0.0247525 0.0137592 0.700195
0 0.274257 0.595823 0.00792079 0.017199 0.731445
0 0.359035 0.672236 0.0309406 0.113022 0.772461
0 0.330322 0.579607 0.00915842 0.0584767 0.821777
0 0.360149 0.759214 0.020297 0.0638821 0.839844
0 0.40854 0.683538 0.0512376 0.10516 0.845215
0 0.38651 0.84226 0.0314356 0.0746929 0.911133
0 0.0813119 0.680098 0.162624 0.177887 0.926758
