0 0.402466 0.687133 0.0115068 0.0719178 0.305664
0 0.423014 0.620352 0.00767123 0.0273973 0.405518
0 0.314658 0.774462 0.0353425 0.21135 0.488281
0 0.429178 0.65044 0.00739726 0.0112524 0.495117
0 0.309863 0.76272 0.0263014 0.0733855 0.558105
0 0.416301 0.669521 0.0128767 0.0650685 0.638672
0 0.0382192 0.966977 0.0128767 0.0220157 0.672363
0 0.170685 0.790851 0.0224658 0.0425636 0.868164
0 0.224384 0.723337 0.0284932 0.0543053 0.87793
0 0.209315 0.927348 0.0750685 0.136497 0.912598
0 0.0876712 0.858366 0.170959 0.229452 0.95752
