0 0.225616 0.621331 0.0753425 0.055773 0.352295
0 0.38411 0.573875 0.0126027 0.0244618 0.467773
0 0.271781 0.709883 0.0120548 0.0264188 0.564941
1 0.326986 0.738014 0.040274 0.0132094 0.627441
0 0.43137 0.978229 0.0106849 0.0366928 0.692871
1 0.374247 0.674413 0.185753 0.0298434 0.739258
0 0.397671 0.546967 0.0090411 0.0342466 0.849121
0 0.0745206 0.76272 0.0279452 0.0205479 0.861328
0 0.36 0.706213 0.030137 0.066047 0.92041
0 0.259863 0.883317 0.0446575 0.227495 0.924805
0 0.459315 0.706703 0.0320548 0.0787671 0.943848
0 0.0723288 0.889922 0.102466 0.192759 0.94873
