1 0.372358 0.678344 0.221521 0.0269476 0.250977
1 0.317046 0.592357 0.0241559 0.0117589 0.260254
1 0.346418 0.739833 0.138348 0.0176384 0.264893
1 0.368927 0.692553 0.22454 0.033807 0.292236
1 0.376613 0.626164 0.0466648 0.00979912 0.29248
0 0.307576 0.633023 0.0326654 0.0499755 0.410889
0 0.308811 0.668055 0.0252539 0.0191083 0.420898
0 0.367966 0.596276 0.0123525 0.0235179 0.436768
1 0.385808 0.669035 0.18913 0.0240078 0.586914
0 0.376064 0.714846 0.0148229 0.0431161 0.63623
0 0.40022 0.753062 0.0258029 0.0264576 0.683594
0 0.334065 0.630328 0.0236069 0.0377266 0.760254
1 0.269833 0.816267 0.483118 0.0617344 0.766113
0 0.347379 0.622979 0.0134505 0.0279275 0.825684
0 0.487648 0.699412 0.0172934 0.0475257 0.842285
0 0.404612 0.621754 0.0175679 0.0960314 0.856934
0 0.153308 0.77315 0.138073 0.0470358 0.868652
