1 0.268493 0.594667 0.0284932 0.00831703 0.26001
1 0.461233 0.837818 0.0649315 0.0132094 0.306885
0 0.492192 0.841977 0.0386301 0.152642 0.311279
0 0.407534 0.590998 0.00520548 0.0273973 0.404541
0 0.39274 0.578278 0.00739726 0.0156556 0.470459
0 0.349041 0.565802 0.00547945 0.0112524 0.475098
1 0.654521 0.585861 0.0427397 0.00636008 0.54834
0 0.167123 0.667319 0.0175342 0.0136986 0.647461
0 0.187671 0.953767 0.0350685 0.0797456 0.70459
0 0.248082 0.75636 0.0484932 0.0381605 0.828125
0 0.383014 0.598581 0.00931507 0.0249511 0.867188
0 0.210548 0.718689 0.0276712 0.037182 0.900879
0 0.279315 0.690802 0.0254795 0.0645793 0.907227
3 0.414384 0.827299 0.138904 0.202544 0.922363
