0 0.0458413 0.77658 0.0916827 0.10877 0.274414
0 0.489844 0.742283 0.0139995 0.0215581 0.279053
1 0.383612 0.604851 0.0590173 0.0102891 0.365723
0 0.348751 0.55463 0.0101565 0.0235179 0.371826
0 0.410925 0.600196 0.01098 0.0156786 0.426025
0 0.195855 0.731994 0.14521 0.22636 0.644043
0 0.576036 0.936061 0.0321164 0.119059 0.734375
0 0.420944 0.824351 0.0321164 0.345419 0.779297
0 0.0894867 0.741793 0.177326 0.165605 0.792969
0 0.348339 0.566144 0.011529 0.0504655 0.817383
0 0.374691 0.857423 0.0214109 0.279275 0.869629
0 0.393357 0.680794 0.012078 0.0573248 0.882324
0 0.481883 0.788339 0.0376064 0.099951 0.913574
0 0.454433 0.768741 0.0222344 0.0499755 0.916016
0 0.316086 0.670505 0.0859182 0.147477 0.91748
0 0.393632 0.638902 0.011529 0.0352768 0.921387
0 0.467884 0.7195 0.0156464 0.0289074 0.92334
0 0.236069 0.656541 0.0730167 0.0764331 0.927246
0 0.443179 0.705047 0.0304694 0.066634 0.928711
0 0.291106 0.804508 0.137524 0.389025 0.969727
