0 0.0613505 0.960804 0.0321164 0.0646742 0.25415
1 0.154131 0.822146 0.185836 0.0411563 0.286133
0 0.327615 0.585987 0.0419984 0.0235179 0.287842
0 0.0981334 0.759677 0.0502333 0.0279275 0.298096
0 0.420944 0.713866 0.00905847 0.0362567 0.334229
0 0.367966 0.589907 0.0359594 0.0274375 0.587891
0 0.139446 0.738119 0.0203129 0.0259677 0.628906
0 0.367005 0.970358 0.0214109 0.0514454 0.629883
0 0.516882 0.896374 0.0367829 0.157276 0.638184
1 0.403376 0.66732 0.0535273 0.0274375 0.63916
0 0.469531 0.762861 0.0387044 0.11171 0.709961
1 0.0491353 0.82876 0.0966237 0.11416 0.726562
0 0.405298 0.906663 0.0107055 0.033807 0.789062
0 0.335575 0.644537 0.0568213 0.0602646 0.797363
0 0.392808 0.631553 0.0406259 0.0989711 0.82373
1 0.0697228 0.756982 0.114192 0.0411563 0.824707
0 0.154955 0.866977 0.0579193 0.0788829 0.897949
0 0.43261 0.9439 0.0148229 0.0514454 0.90332
0 0.160033 0.950514 0.0527038 0.0911318 0.924316
0 0.359182 0.849339 0.0513313 0.301323 0.92627
