0 0.312517 0.604116 0.0623113 0.0342969 0.296387
0 0.298655 0.593092 0.0373319 0.0269476 0.428955
0 0.465825 0.674914 0.0181169 0.203332 0.435059
0 0.393632 0.900784 0.0323909 0.178834 0.483154
0 0.585506 0.88682 0.0461158 0.102891 0.641113
0 0.251716 0.664135 0.0230579 0.0230279 0.650879
0 0.373044 0.577413 0.0461158 0.0436061 0.668457
0 0.271205 0.908868 0.0279989 0.129348 0.689453
3 0.423827 0.805243 0.0982707 0.361098 0.786133
0 0.497941 0.731504 0.0301949 0.0803528 0.786133
0 0.37277 0.707006 0.0400769 0.10681 0.810547
0 0.175542 0.704802 0.0359594 0.0347869 0.86377
0 0.53445 0.789074 0.0214109 0.0543851 0.875977
0 0.580565 0.935816 0.0400769 0.11465 0.914062
