1 0.330959 0.715509 0.0345205 0.0190802 0.258301
0 0.44863 0.598337 0.0106849 0.0215264 0.312256
1 0.318493 0.741438 0.0534247 0.0719178 0.32251
1 0.236438 0.791585 0.129315 0.0381605 0.326416
1 0.427123 0.728474 0.12 0.0234834 0.421875
1 0.253425 0.628425 0.128219 0.0415851 0.49707
0 0.685342 0.94863 0.0534247 0.0900196 0.51416
0 0.0234247 0.78865 0.0468493 0.0733855 0.552734
1 0.412329 0.761986 0.176438 0.0308219 0.629395
0 0.35726 0.640166 0.0378082 0.0719178 0.745117
0 0.516164 0.803327 0.0230137 0.0733855 0.757812
1 0.365753 0.59589 0.0690411 0.0303327 0.786621
0 0.307123 0.654599 0.0208219 0.0381605 0.848633
0 0.317808 0.740949 0.0526027 0.0728963 0.887695
0 0.257808 0.862769 0.0849315 0.157045 0.94043
0 0.48274 0.672456 0.0734247 0.157045 0.951172
