0 0.391985 0.588927 0.0241559 0.0676139 0.323486
0 0.39569 0.676629 0.0118035 0.0235179 0.464844
3 0.193659 0.663645 0.0409004 0.0367467 0.51709
1 0.219462 0.817736 0.431238 0.0587947 0.760742
0 0.204914 0.752327 0.117211 0.166095 0.829102
0 0.411611 0.769476 0.0452923 0.0955414 0.840332
0 0.359731 0.711416 0.0123525 0.044096 0.876465
0 0.373319 0.921362 0.0538018 0.136698 0.900879
0 0.129152 0.858158 0.0365084 0.0524253 0.911621
0 0.204776 0.914013 0.0785067 0.163155 0.912598
0 0.0441943 0.903724 0.0883887 0.161195 0.936523
0 0.290694 0.681039 0.0461158 0.0823126 0.942871
