1 0.215756 0.650171 0.101565 0.0235179 0.374023
1 0.258853 0.666585 0.20807 0.0436061 0.453613
0 0.205325 0.72489 0.129015 0.11514 0.486328
0 0.35479 0.560755 0.0518803 0.0308672 0.490234
0 0.396651 0.592357 0.0230579 0.0323371 0.49707
1 0.123113 0.791524 0.246226 0.0543851 0.556641
0 0.418886 0.552425 0.0329399 0.0298873 0.616699
0 0.240736 0.646497 0.0450178 0.0279275 0.626953
0 0.417788 0.596031 0.013725 0.0181284 0.821777
0 0.437414 0.83562 0.0436453 0.317001 0.912598
0 0.349849 0.742283 0.0403514 0.129348 0.928223
0 0.146994 0.704312 0.0458413 0.0426262 0.929688
0 0.392396 0.635963 0.0189404 0.044096 0.930176
0 0.355613 0.646497 0.0337634 0.0749633 0.935059
0 0.259402 0.896374 0.0675268 0.195492 0.955078
