0 0.238904 0.530822 0.0060274 0.00978474 0.339111
0 0.285753 0.577544 0.0060274 0.0376712 0.3396
0 0.247808 0.576076 0.0156164 0.0190802 0.356934
0 0.262329 0.549168 0.0134247 0.0220157 0.409668
0 0.24 0.650685 0.00986301 0.0234834 0.414062
0 0.201507 0.604452 0.0139726 0.0132094 0.416016
0 0.181644 0.665607 0.010411 0.0151663 0.458984
1 0.22863 0.573386 0.0139726 0.00978474 0.494873
0 0.24589 0.619374 0.0156164 0.0195695 0.579102
0 0.263425 0.648239 0.0150685 0.0410959 0.610352
0 0.246849 0.681507 0.0131507 0.0293542 0.658203
0 0.234795 0.644569 0.0224658 0.0337573 0.698242
0 0.0279452 0.750978 0.0558904 0.0518591 0.734863
0 0.184521 0.646771 0.0221918 0.0234834 0.901367
0 0.19 0.69545 0.0408219 0.0777887 0.908203
0 0.0952055 0.707436 0.123014 0.113503 0.925781
0 0.113425 0.914139 0.10137 0.159002 0.939453
