0 0.35726 0.567759 0.00657534 0.0132094 0.25293
0 0.371918 0.561155 0.00465753 0.0205479 0.254639
0 0.398904 0.601761 0.0394521 0.0939335 0.263916
0 0.398493 0.571673 0.00958904 0.0318004 0.297119
0 0.461233 0.976761 0.0172603 0.0396282 0.305664
3 0.398904 0.602006 0.04 0.0954012 0.321533
0 0.347945 0.552104 0.0131507 0.0210372 0.392334
0 0.334795 0.575587 0.00821918 0.010274 0.5625
0 0.367534 0.928082 0.0254795 0.137965 0.679688
0 0.0221918 0.769569 0.0443836 0.0587084 0.687012
0 0.365205 0.619618 0.00986301 0.0239726 0.80127
3 0.430548 0.820205 0.155342 0.350783 0.84375
