1 0.473699 0.81409 0.15726 0.0205479 0.285889
1 0.434247 0.697896 0.0624658 0.0112524 0.360107
1 0.450137 0.733611 0.0947945 0.0249511 0.380859
1 0.523836 0.942759 0.187397 0.0704501 0.590332
0 0.292329 0.641879 0.0208219 0.0234834 0.676758
0 0.407397 0.683953 0.0279452 0.0772994 0.691895
0 0.394795 0.720646 0.0158904 0.0254403 0.713379
0 0.446164 0.96184 0.040274 0.0675147 0.773438
0 0.415616 0.598581 0.00986301 0.0425636 0.788086
0 0.359726 0.617417 0.0180822 0.0332681 0.79834
0 0.353425 0.90093 0.00876712 0.0396282 0.812988
1 0.317397 0.932485 0.145479 0.122309 0.822754
0 0.406575 0.623288 0.00821918 0.0342466 0.824219
0 0.314384 0.972113 0.0161644 0.0499022 0.85498
0 0.389726 0.77593 0.0205479 0.0821918 0.855469
0 0.428904 0.839286 0.0139726 0.0954012 0.868652
0 0.218904 0.718444 0.103562 0.131605 0.916992
