0 0.247808 0.643836 0.00958904 0.0127202 0.312988
0 0.392877 0.520303 0.0109589 0.0171233 0.394775
0 0.265616 0.620108 0.0446575 0.0366928 0.404541
0 0.324521 0.579012 0.00575342 0.0122309 0.482178
0 0.327671 0.597113 0.00712329 0.0132094 0.608887
0 0.399315 0.598092 0.0106849 0.028865 0.854004
0 0.407123 0.681018 0.0109589 0.037182 0.880859
0 0.420685 0.649462 0.0161644 0.0435421 0.89209
0 0.441507 0.790851 0.0139726 0.066047 0.913574
0 0.424795 0.733855 0.0161644 0.0812133 0.924316
0 0.0793151 0.768836 0.154795 0.151174 0.932129
0 0.443973 0.902397 0.0386301 0.182485 0.935059
0 0.341781 0.951566 0.0287671 0.0851272 0.937988
