0 0.37411 0.589775 0.0205479 0.0543053 0.258545
3 0.374932 0.59002 0.0178082 0.053816 0.274902
0 0.384247 0.584883 0.00575342 0.0200587 0.291504
0 0.33137 0.610568 0.00575342 0.00978474 0.30127
0 0.277397 0.594667 0.0254795 0.0327789 0.341309
0 0.338219 0.933219 0.0243836 0.0308219 0.379395
0 0.305753 0.629648 0.00657534 0.0117417 0.421631
0 0.313562 0.611791 0.00520548 0.010274 0.434814
0 0.152466 0.700098 0.0819178 0.0753425 0.487305
0 0.321096 0.635029 0.00767123 0.00978474 0.509277
0 0.226849 0.639432 0.0279452 0.0322896 0.606934
0 0.255205 0.75636 0.0287671 0.0293542 0.628906
0 0.376027 0.75318 0.0106849 0.0425636 0.708984
0 0.375479 0.653131 0.0090411 0.0283757 0.716309
0 0.408219 0.677104 0.0147945 0.0264188 0.779297
0 0.298904 0.67955 0.00986301 0.0127202 0.795898
3 0.406301 0.80773 0.0871233 0.258317 0.855469
0 0.394658 0.622798 0.0106849 0.0381605 0.859863
0 0.228493 0.825342 0.0230137 0.055773 0.867188
0 0.0647945 0.760763 0.128493 0.117417 0.873047
0 0.373151 0.969178 0.0186301 0.0547945 0.894043
0 0.165753 0.977495 0.0219178 0.0381605 0.911133
0 0.223699 0.776663 0.0315068 0.066047 0.934082
