0 0.43137 0.555773 0.0172603 0.0166341 0.269775
0 0.281096 0.682485 0.100822 0.134051 0.39209
3 0.450274 0.599804 0.0139726 0.0645793 0.466064
1 0.45726 0.762231 0.128219 0.0205479 0.47998
0 0.315616 0.585861 0.0284932 0.0190802 0.582031
0 0.54 0.794521 0.0345205 0.0733855 0.600586
1 0.442877 0.950832 0.0632877 0.0484344 0.609375
1 0.425205 0.689579 0.029589 0.0132094 0.635742
1 0.444932 0.65729 0.0657534 0.0132094 0.650879
0 0.443288 0.950832 0.0630137 0.0484344 0.758789
0 0.449863 0.59956 0.0131507 0.0631115 0.773438
0 0.353014 0.610568 0.0150685 0.018591 0.802734
0 0.0560274 0.983121 0.029863 0.0278865 0.815918
0 0.30726 0.642368 0.0517808 0.0518591 0.825195
0 0.100411 0.944227 0.0594521 0.0939335 0.831055
0 0.25589 0.713552 0.0531507 0.0777887 0.871094
0 0.396438 0.851027 0.0263014 0.180528 0.878906
0 0.409041 0.613014 0.0246575 0.0694716 0.886719
0 0.441507 0.70499 0.0254795 0.0861057 0.918945
0 0.125342 0.69863 0.0567123 0.035225 0.941406
0 0.176301 0.827299 0.0945205 0.135029 0.948242
0 0.245205 0.778865 0.0235616 0.0381605 0.952637
