1 0.159315 0.663894 0.0561644 0.0146771 0.268066
1 0.361233 0.566047 0.0463014 0.00782779 0.280029
0 0.166027 0.660225 0.0284932 0.0132094 0.284912
1 0.34274 0.645548 0.0810959 0.0249511 0.346191
1 0.310822 0.635763 0.163562 0.0210372 0.352051
1 0.222877 0.668297 0.039726 0.0176125 0.439209
1 0.169452 0.679305 0.114247 0.0132094 0.491943
1 0.306164 0.71502 0.326849 0.047456 0.623535
0 0.414795 0.98092 0.0131507 0.035225 0.64502
0 0.259041 0.656311 0.0194521 0.0376712 0.756348
0 0.423014 0.676614 0.0164384 0.0616438 0.806152
0 0.441918 0.718444 0.00657534 0.026908 0.820801
0 0.138493 0.955969 0.0358904 0.072407 0.833008
0 0.401781 0.93909 0.0183562 0.117906 0.871582
0 0.0919178 0.717221 0.0331507 0.0322896 0.892578
0 0.422192 0.806996 0.0509589 0.107143 0.907227
