0 0.262009 0.623714 0.0156464 0.0235179 0.251465
0 0.365358 0.60779 0.013725 0.022048 0.297852
0 0.0897612 0.698187 0.0609388 0.0519353 0.358398
0 0.333105 0.670015 0.0480373 0.186673 0.409424
0 0.466648 0.67026 0.0230579 0.0568349 0.463867
0 0.463766 0.932141 0.0568213 0.124939 0.604492
0 0.427944 0.691573 0.0378809 0.248408 0.634277
0 0.303184 0.831945 0.0200384 0.0382166 0.647949
0 0.195169 0.859628 0.0576448 0.130818 0.74707
0 0.285753 0.899804 0.0214109 0.0808427 0.758301
0 0.262558 0.94684 0.0222344 0.0955414 0.782227
0 0.418474 0.781235 0.0579193 0.0749633 0.79248
0 0.176228 0.986036 0.01098 0.0249878 0.799316
0 0.571919 0.926507 0.0639583 0.129348 0.815918
0 0.22756 0.761146 0.0269009 0.0602646 0.842773
0 0.130662 0.961538 0.0384299 0.0690838 0.90918
0 0.22852 0.88388 0.0793302 0.215581 0.932129
