0 0.271617 0.762861 0.0634093 0.11563 0.314941
1 0.393083 0.775845 0.0548998 0.0543851 0.31665
0 0.206835 0.78197 0.0425474 0.0705537 0.436768
1 0.371809 0.706026 0.146308 0.0235179 0.513184
1 0.415454 0.743753 0.0837222 0.0176384 0.527344
2 0.0277244 0.835375 0.0225089 0.0205781 0.527832
0 0.469256 0.688143 0.0156464 0.044586 0.578613
0 0.218638 0.807692 0.0194894 0.0602646 0.609863
0 0.272852 0.939735 0.0197639 0.11171 0.648438
0 0.32885 0.718275 0.0181169 0.0372366 0.717773
0 0.296047 0.792014 0.0244304 0.121019 0.772461
0 0.39569 0.776825 0.0496843 0.0573248 0.799805
0 0.444826 0.674669 0.0156464 0.0597746 0.881836
