0 0.36577 0.561734 0.0123525 0.0181284 0.268066
0 0.32885 0.624694 0.0461158 0.0705537 0.338135
1 0.221932 0.682264 0.0826242 0.0249878 0.412842
1 0.273401 0.699412 0.287675 0.104361 0.444092
0 0.372495 0.624694 0.0230579 0.0607545 0.448486
1 0.139034 0.927732 0.268186 0.0867222 0.472656
0 0.383887 0.580353 0.0277244 0.0612445 0.476562
0 0.39871 0.676139 0.0150974 0.0293974 0.594727
0 0.336261 0.568839 0.0422729 0.0411563 0.721191
0 0.403514 0.61563 0.0142739 0.0730034 0.734863
0 0.380044 0.603136 0.0337634 0.099951 0.751465
0 0.500412 0.927976 0.0400769 0.144047 0.758301
0 0.157425 0.740813 0.0343124 0.0293974 0.774414
0 0.431238 0.657766 0.0247049 0.157276 0.789551
1 0.50247 0.944635 0.212737 0.0911318 0.811523
0 0.464727 0.844929 0.0230579 0.124939 0.819336
0 0.2395 0.980647 0.0123525 0.033807 0.865234
0 0.066566 0.8317 0.129838 0.189613 0.873535
0 0.405572 0.839049 0.0139995 0.0641842 0.874023
0 0.425199 0.769476 0.0428219 0.0837825 0.890625
0 0.350124 0.778785 0.0656053 0.196472 0.931641
0 0.293577 0.911073 0.0359594 0.170015 0.93457
0 0.440434 0.938021 0.0222344 0.119059 0.936523
