0 0.0313699 0.755382 0.0523288 0.035225 0.268799
0 0.319452 0.593689 0.00876712 0.0092955 0.280518
0 0.276027 0.583904 0.0221918 0.0220157 0.367188
0 0.375205 0.587818 0.00630137 0.0132094 0.370117
0 0.403288 0.571429 0.00821918 0.0234834 0.397705
0 0.100959 0.705969 0.0534247 0.0440313 0.403564
0 0.391507 0.582926 0.0060274 0.0141879 0.467529
0 0.409589 0.79501 0.0345205 0.0704501 0.475586
0 0.0787671 0.738748 0.0271233 0.0215264 0.503906
0 0.420685 0.807485 0.0139726 0.0484344 0.53418
0 0.386986 0.565802 0.0090411 0.0249511 0.704102
0 0.445616 0.852984 0.0172603 0.0689824 0.726562
0 0.421781 0.668297 0.0271233 0.114481 0.769043
0 0.403425 0.850049 0.0117808 0.0337573 0.814453
0 0.104795 0.716243 0.0813699 0.0665362 0.833984
0 0.440411 0.771526 0.0106849 0.035225 0.851074
0 0.180959 0.663894 0.0572603 0.0410959 0.851562
0 0.0309589 0.77593 0.0619178 0.0616438 0.86084
0 0.409315 0.730675 0.0115068 0.028865 0.870605
0 0.428767 0.928816 0.0180822 0.135519 0.905273
