0 0.414631 0.640617 0.0688993 0.044586 0.255127
0 0.519215 0.66536 0.0172934 0.0382166 0.296387
0 0.465413 0.555365 0.0189404 0.0396864 0.313232
0 0.327477 0.693043 0.0839967 0.0867222 0.354004
0 0.459374 0.675404 0.0172934 0.0465458 0.35498
0 0.38073 0.568349 0.0285479 0.0215581 0.377441
0 0.391161 0.88731 0.0801537 0.22538 0.401855
0 0.432885 0.589907 0.0181169 0.0186183 0.402588
0 0.488197 0.631308 0.00905847 0.0475257 0.425293
0 0.059978 0.914748 0.116113 0.126409 0.441895
0 0.392808 0.660706 0.108153 0.0788829 0.537598
1 0.0586055 0.910338 0.114466 0.11171 0.598145
0 0.461433 0.599216 0.0230579 0.0470358 0.637207
0 0.416827 0.826311 0.130387 0.347379 0.708008
0 0.495471 0.5512 0.011529 0.0617344 0.726562
0 0.517293 0.731259 0.0139995 0.0436061 0.727051
0 0.383201 0.590887 0.0318419 0.0284174 0.829102
0 0.169778 0.915483 0.113368 0.164135 0.833984
0 0.500823 0.953699 0.0288224 0.0867222 0.834473
0 0.186248 0.816022 0.20011 0.180794 0.869629
