0 0.384024 0.965458 0.0312929 0.066144 0.328369
1 0.390338 0.634738 0.0559978 0.0122489 0.414307
0 0.395828 0.578148 0.00823497 0.0146987 0.512695
0 0.400494 0.566879 0.013725 0.0372366 0.536133
0 0.427669 0.602401 0.011529 0.0524253 0.594727
1 0.255559 0.965213 0.269558 0.0587947 0.757812
0 0.379907 0.594806 0.0241559 0.0646742 0.796387
0 0.440708 0.550955 0.0139995 0.0524253 0.804199
0 0.332281 0.980647 0.0139995 0.0367467 0.811523
0 0.349163 0.704067 0.0411749 0.152866 0.87793
0 0.475295 0.912298 0.0321164 0.175404 0.890137
0 0.301949 0.851543 0.0527038 0.203822 0.912109
0 0.416964 0.768496 0.0395279 0.252327 0.939453
0 0.256245 0.609015 0.17266 0.143067 0.945312
