0 0.428082 0.71771 0.00410959 0.0166341 0.279785
2 0.393151 0.632583 0.0515069 0.0176125 0.361084
0 0.421507 0.727984 0.00410959 0.0117417 0.42334
0 0.435753 0.748043 0.0090411 0.0459883 0.500977
0 0.434247 0.754892 0.00657534 0.0293542 0.648926
0 0.426712 0.944961 0.0117808 0.045499 0.699219
0 0.410959 0.983121 0.010411 0.0278865 0.73877
0 0.27589 0.758317 0.0246575 0.0381605 0.792969
0 0.402055 0.897749 0.0123288 0.0322896 0.858887
0 0.420411 0.780333 0.00794521 0.035225 0.870605
0 0.416849 0.870597 0.0090411 0.045499 0.878906
0 0.318767 0.71771 0.0254795 0.037182 0.889648
0 0.47274 0.928082 0.0238356 0.137965 0.90918
0 0.240137 0.956703 0.0282192 0.047456 0.917969
