1 0.392055 0.658513 0.060274 0.0107632 0.345703
1 0.276575 0.631849 0.0315068 0.010274 0.47168
0 0.461644 0.903865 0.0230137 0.188356 0.505371
0 0.136575 0.947162 0.0506849 0.092955 0.535156
1 0.361096 0.957436 0.167671 0.0763209 0.629883
0 0.438767 0.888209 0.0221918 0.0777887 0.655762
0 0.421233 0.525685 0.0112329 0.0190802 0.699219
0 0.432603 0.743151 0.0312329 0.176125 0.710938
0 0.414658 0.548679 0.00958904 0.0132094 0.78125
0 0.277945 0.598581 0.0342466 0.0366928 0.805664
0 0.371096 0.680528 0.0139726 0.0596869 0.853027
0 0.41589 0.622798 0.0186301 0.0645793 0.880859
