0 0.406301 0.544521 0.0120548 0.0107632 0.25293
0 0.409863 0.572162 0.0180822 0.0366928 0.270508
0 0.269452 0.631849 0.0616438 0.0484344 0.628906
0 0.379726 0.623532 0.0158904 0.0249511 0.693848
0 0.44726 0.620108 0.0090411 0.0229941 0.741699
0 0.456849 0.658757 0.0123288 0.0308219 0.805176
0 0.0628767 0.839775 0.125753 0.139432 0.856934
0 0.296712 0.842221 0.0252055 0.0543053 0.86377
0 0.332466 0.696184 0.070411 0.136008 0.869629
0 0.266301 0.727006 0.106849 0.150685 0.873535
0 0.262192 0.917808 0.0416438 0.148728 0.884766
0 0.409589 0.704501 0.0235616 0.151663 0.888184
