1 0.179579 0.537592 0.0170792 0.00687961 0.270752
1 0.24604 0.665848 0.0247525 0.00884521 0.31543
0 0.271411 0.560197 0.00569307 0.00982801 0.44873
0 0.237129 0.578624 0.00495049 0.012285 0.458496
0 0.388119 0.905651 0.0648515 0.187715 0.496582
1 0.218688 0.753071 0.0512376 0.0132678 0.540527
0 0.273886 0.5457 0.00866337 0.0181818 0.710449
0 0.292327 0.635135 0.0118812 0.0260442 0.734375
0 0.313243 0.71941 0.0274752 0.119902 0.779297
0 0.102475 0.615233 0.0594059 0.0619165 0.881348
1 0.338366 0.724816 0.0485149 0.0127764 0.892578
