0 0.383425 0.623777 0.00575342 0.0283757 0.253174
0 0.410411 0.854697 0.0164384 0.117417 0.258057
0 0.419589 0.643836 0.00958904 0.0215264 0.324219
0 0.422329 0.67001 0.0112329 0.0239726 0.400635
1 0.370959 0.585372 0.0432877 0.010274 0.457764
0 0.434247 0.669765 0.0246575 0.0528376 0.473633
0 0.346027 0.556507 0.0115068 0.0308219 0.63623
0 0.10863 0.722847 0.0835616 0.0650685 0.63916
0 0.0578082 0.747309 0.111781 0.0954012 0.658203
0 0.361644 0.819227 0.0235616 0.34589 0.676758
0 0.137808 0.685176 0.0575342 0.0513699 0.683594
0 0.0153425 0.831213 0.0306849 0.0440313 0.706055
0 0.439452 0.65044 0.019726 0.0210372 0.718262
0 0.240274 0.671967 0.0345205 0.0484344 0.730469
0 0.404247 0.78547 0.0271233 0.204012 0.737793
0 0.329315 0.619863 0.0531507 0.0851272 0.839844
0 0.418493 0.955235 0.0254795 0.082681 0.882812
0 0.477397 0.735078 0.0139726 0.0572407 0.889648
0 0.200822 0.635763 0.0432877 0.0318004 0.897949
0 0.263151 0.620108 0.049589 0.0523483 0.916016
0 0.496712 0.849315 0.08 0.181996 0.932129
0 0.298082 0.795254 0.112877 0.409491 0.964355
