0 0.208619 0.615875 0.0197639 0.0205781 0.338867
0 0.181444 0.635718 0.0439198 0.0436061 0.345947
0 0.442767 0.94047 0.0279989 0.11612 0.363525
0 0.388828 0.809897 0.0178424 0.0676139 0.415771
0 0.430277 0.792994 0.0194894 0.11318 0.437744
0 0.192424 0.650906 0.0252539 0.0249878 0.498779
0 0.440296 0.862567 0.0461158 0.271926 0.566406
3 0.405847 0.818226 0.13423 0.346889 0.612793
0 0.0377436 0.776335 0.0754872 0.099461 0.817871
0 0.272578 0.973297 0.0329399 0.0455659 0.910645
0 0.127779 0.755022 0.0963492 0.0832925 0.913086
